011200 1
011201 99
0112300 6
0112301 99
01100 9
01101 99
011300 2
011301 88
01200 2
01201 99
012300 5
012301 96
01300 4
01301 93
013300 1
013301 85
01400 1
01401 80
014300 1
014301 56
01500 9
01501 66
015300 3
015301 51
01600 1
01601 53
016300 7
016301 40
01700 34
01701 42
017300 29
017301 26
01800 41
01801 36
018300 74
018301 8
01900 71
01901 17
019300 72
019301 5
011000 90
011001 5
0110300 90
0110301 13
011100 89
011101 1
0111300 93
0111301 1
021200 1
021201 99
0212300 3
0212301 93
02100 1
02101 98
021300 4
021301 94
02200 1
02201 97
022300 2
022301 84
02300 1
02301 78
023300 7
023301 90
02400 3
02401 65
024300 6
024301 72
02500 15
02501 67
025300 4
025301 44
02600 4
02601 58
026300 21
026301 47
02700 26
02701 41
027300 22
027301 37
02800 41
02801 21
028300 74
028301 6
02900 66
02901 20
029300 66
029301 14
021000 90
021001 1
0210300 99
0210301 1
021100 99
021101 12
0211300 92
0211301 8
031200 6
031201 99
0312300 4
0312301 93
03100 1
03101 98
031300 1
031301 96
03200 5
03201 89
032300 7
032301 92
03300 1
03301 85
033300 1
033301 75
03400 10
03401 81
034300 1
034301 68
03500 17
03501 57
035300 11
035301 60
03600 9
03601 58
036300 2
036301 53
03700 24
03701 40
037300 17
037301 37
03800 33
03801 19
038300 76
038301 15
03900 72
03901 19
039300 78
039301 7
031000 95
031001 4
0310300 99
0310301 2
031100 99
031101 1
0311300 99
0311301 9
041200 1
041201 99
0412300 2
0412301 95
04100 1
04101 93
041300 5
041301 86
04200 1
04201 87
042300 1
042301 97
04300 1
04301 86
043300 7
043301 81
04400 1
04401 79
044300 1
044301 69
04500 15
04501 60
045300 5
045301 52
04600 17
04601 45
046300 13
046301 53
04700 33
04701 39
047300 34
047301 30
04800 45
04801 25
048300 71
048301 15
04900 63
04901 13
049300 66
049301 8
041000 85
041001 1
0410300 96
0410301 8
041100 94
041101 1
0411300 99
0411301 11
051200 1
051201 95
0512300 8
0512301 90
05100 4
05101 88
051300 1
051301 90
05200 8
05201 99
052300 5
052301 81
05300 1
05301 89
053300 2
053301 74
05400 1
05401 66
054300 1
054301 66
05500 9
05501 50
055300 1
055301 45
05600 1
05601 49
056300 13
056301 58
05700 32
05701 48
057300 17
057301 36
05800 35
05801 36
058300 74
058301 4
05900 79
05901 16
059300 69
059301 5
051000 89
051001 1
0510300 90
0510301 5
051100 99
051101 8
0511300 90
0511301 4
061200 9
061201 90
0612300 1
0612301 99
06100 3
06101 99
061300 1
061301 91
06200 1
06201 95
062300 4
062301 82
06300 1
06301 80
063300 4
063301 82
06400 1
06401 71
064300 5
064301 72
06500 4
06501 63
065300 8
065301 44
06600 1
06601 46
066300 18
066301 43
06700 30
06701 35
067300 35
067301 30
06800 34
06801 22
068300 64
068301 5
06900 82
06901 19
069300 68
069301 1
061000 99
061001 1
0610300 88
0610301 1
061100 99
061101 1
0611300 95
0611301 4
071200 1
071201 93
0712300 3
0712301 89
07100 9
07101 87
071300 8
071301 99
07200 1
07201 86
072300 10
072301 85
07300 1
07301 85
073300 1
073301 93
07400 1
07401 69
074300 9
074301 72
07500 2
07501 52
075300 8
075301 52
07600 13
07601 56
076300 16
076301 39
07700 26
07701 36
077300 23
077301 37
07800 48
07801 31
078300 77
078301 16
07900 66
07901 12
079300 75
079301 4
071000 97
071001 13
0710300 86
0710301 8
071100 99
071101 1
0711300 98
0711301 6
111200 1
111201 98
1112300 10
1112301 97
11100 8
11101 99
111300 8
111301 99
11200 9
11201 97
112300 1
112301 83
11300 1
11301 84
113300 1
113301 78
11400 4
11401 63
114300 1
114301 57
11500 17
11501 61
115300 16
115301 63
11600 9
11601 59
116300 6
116301 39
11700 28
11701 46
117300 21
117301 37
11800 40
11801 31
118300 62
118301 3
11900 70
11901 20
119300 72
119301 1
111000 94
111001 8
1110300 90
1110301 13
111100 99
111101 1
1111300 91
1111301 7
121200 1
121201 94
1212300 8
1212301 99
12100 1
12101 99
121300 1
121301 99
12200 1
12201 97
122300 9
122301 83
12300 1
12301 81
123300 5
123301 89
12400 6
12401 79
124300 9
124301 64
12500 6
12501 58
125300 10
125301 63
12600 13
12601 46
126300 12
126301 53
12700 22
12701 46
127300 17
127301 36
12800 43
12801 24
128300 73
128301 17
12900 82
12901 7
129300 77
129301 17
121000 82
121001 10
1210300 90
1210301 7
121100 95
121101 5
1211300 91
1211301 7
131200 3
131201 99
1312300 5
1312301 99
13100 1
13101 99
131300 1
131301 96
13200 1
13201 97
132300 8
132301 84
13300 1
13301 84
133300 4
133301 89
13400 1
13401 76
134300 1
134301 62
13500 1
13501 67
135300 6
135301 61
13600 6
13601 58
136300 16
136301 58
13700 17
13701 32
137300 35
137301 36
13800 40
13801 29
138300 70
138301 3
13900 70
13901 19
139300 71
139301 2
131000 84
131001 6
1310300 92
1310301 1
131100 90
131101 4
1311300 99
1311301 5
141200 6
141201 99
1412300 1
1412301 92
14100 10
14101 99
141300 1
141301 99
14200 9
14201 99
142300 7
142301 92
14300 1
14301 86
143300 1
143301 87
14400 7
14401 77
144300 1
144301 58
14500 11
14501 60
145300 15
145301 49
14600 1
14601 42
146300 7
146301 58
14700 33
14701 45
147300 24
147301 26
14800 38
14801 28
148300 74
148301 22
14900 75
14901 14
149300 67
149301 3
141000 88
141001 1
1410300 99
1410301 12
141100 89
141101 2
1411300 89
1411301 2
151200 1
151201 99
1512300 1
1512301 99
15100 9
15101 93
151300 8
151301 88
15200 1
15201 87
152300 9
152301 81
15300 2
15301 89
153300 4
153301 83
15400 6
15401 71
154300 1
154301 70
15500 11
15501 53
155300 10
155301 63
15600 18
15601 48
156300 20
156301 58
15700 18
15701 31
157300 28
157301 36
15800 38
15801 34
158300 77
158301 11
15900 80
15901 19
159300 77
159301 16
151000 83
151001 13
1510300 93
1510301 10
151100 97
151101 8
1511300 91
1511301 3
161200 1
161201 99
1612300 3
1612301 96
16100 8
16101 88
161300 1
161301 95
16200 1
16201 99
162300 1
162301 88
16300 1
16301 92
163300 9
163301 83
16400 7
16401 65
164300 1
164301 66
16500 1
16501 69
165300 12
165301 51
16600 6
16601 55
166300 6
166301 48
16700 35
16701 45
167300 21
167301 34
16800 32
16801 27
168300 60
168301 17
16900 64
16901 12
169300 76
169301 15
161000 88
161001 8
1610300 86
1610301 1
161100 92
161101 1
1611300 99
1611301 12
171200 1
171201 90
1712300 10
1712301 93
17100 6
17101 87
171300 5
171301 96
17200 1
17201 99
172300 2
172301 83
17300 7
17301 92
173300 5
173301 88
17400 2
17401 77
174300 10
174301 69
17500 16
17501 55
175300 3
175301 48
17600 2
17601 49
176300 4
176301 54
17700 18
17701 49
177300 26
177301 27
17800 43
17801 29
178300 65
178301 10
17900 73
17901 18
179300 69
179301 9
171000 92
171001 12
1710300 92
1710301 13
171100 92
171101 1
1711300 97
1711301 11
211200 1
211201 99
2112300 1
2112301 91
21100 8
21101 99
211300 1
211301 96
21200 7
21201 93
212300 3
212301 93
21300 1
21301 88
213300 1
213301 83
21400 1
21401 64
214300 9
214301 59
21500 10
21501 56
215300 5
215301 53
21600 2
21601 48
216300 7
216301 51
21700 28
21701 36
217300 25
217301 39
21800 47
21801 35
218300 76
218301 15
21900 80
21901 18
219300 73
219301 10
211000 98
211001 11
2110300 96
2110301 1
211100 91
211101 2
2111300 99
2111301 8
221200 3
221201 99
2212300 5
2212301 99
22100 1
22101 99
221300 1
221301 86
22200 1
22201 99
222300 1
222301 99
22300 3
22301 89
223300 1
223301 81
22400 1
22401 81
224300 6
224301 60
22500 5
22501 63
225300 15
225301 45
22600 1
22601 44
226300 2
226301 50
22700 26
22701 45
227300 28
227301 37
22800 37
22801 20
228300 71
228301 15
22900 71
22901 5
229300 69
229301 4
221000 81
221001 5
2210300 95
2210301 9
221100 92
221101 4
2211300 90
2211301 2
231200 8
231201 99
2312300 1
2312301 93
23100 3
23101 96
231300 4
231301 96
23200 1
23201 97
232300 1
232301 82
23300 3
23301 81
233300 3
233301 74
23400 5
23401 77
234300 1
234301 68
23500 6
23501 53
235300 17
235301 53
23600 2
23601 51
236300 13
236301 58
23700 29
23701 37
237300 30
237301 34
23800 48
23801 34
238300 73
238301 14
23900 65
23901 7
239300 80
239301 3
231000 86
231001 10
2310300 99
2310301 14
231100 99
231101 1
2311300 98
2311301 8
241200 1
241201 99
2412300 1
2412301 90
24100 9
24101 90
241300 7
241301 86
24200 5
24201 99
242300 2
242301 88
24300 1
24301 79
243300 1
243301 74
24400 4
24401 64
244300 7
244301 57
24500 2
24501 67
245300 18
245301 46
24600 1
24601 59
246300 8
246301 41
24700 33
24701 42
247300 31
247301 29
24800 31
24801 18
248300 74
248301 22
24900 77
24901 13
249300 72
249301 10
241000 83
241001 6
2410300 89
2410301 1
241100 99
241101 5
2411300 97
2411301 8
251200 3
251201 99
2512300 1
2512301 93
25100 8
25101 99
251300 9
251301 88
25200 2
25201 95
252300 1
252301 92
25300 6
25301 95
253300 2
253301 74
25400 1
25401 68
254300 5
254301 68
25500 1
25501 58
255300 4
255301 50
25600 9
25601 41
256300 9
256301 51
25700 29
25701 45
257300 20
257301 26
25800 48
25801 29
258300 65
258301 11
25900 75
25901 1
259300 66
259301 17
251000 88
251001 10
2510300 99
2510301 1
251100 99
251101 1
2511300 93
2511301 10
261200 1
261201 93
2612300 1
2612301 99
26100 1
26101 99
261300 7
261301 99
26200 6
26201 86
262300 2
262301 82
26300 7
26301 80
263300 1
263301 86
26400 3
26401 65
264300 9
264301 68
26500 9
26501 54
265300 4
265301 58
26600 7
26601 43
266300 10
266301 43
26700 22
26701 50
267300 35
267301 40
26800 47
26801 35
268300 70
268301 17
26900 80
26901 7
269300 82
269301 10
261000 99
261001 16
2610300 91
2610301 9
261100 99
261101 1
2611300 99
2611301 8
271200 1
271201 99
2712300 1
2712301 99
27100 5
27101 95
271300 1
271301 89
27200 3
27201 99
272300 10
272301 93
27300 1
27301 77
273300 4
273301 91
27400 5
27401 74
274300 1
274301 63
27500 1
27501 56
275300 1
275301 49
27600 5
27601 45
276300 7
276301 54
27700 35
27701 48
277300 34
277301 42
27800 48
27801 25
278300 65
278301 21
27900 69
27901 10
279300 69
279301 1
271000 84
271001 15
2710300 94
2710301 14
271100 99
271101 8
2711300 89
2711301 9
311200 3
311201 99
3112300 6
3112301 99
31100 1
31101 87
311300 1
311301 99
31200 4
31201 85
312300 1
312301 94
31300 9
31301 78
313300 1
313301 82
31400 8
31401 78
314300 6
314301 72
31500 14
31501 52
315300 11
315301 57
31600 8
31601 55
316300 5
316301 47
31700 19
31701 48
317300 22
317301 32
31800 38
31801 22
318300 60
318301 10
31900 76
31901 7
319300 67
319301 7
311000 98
311001 3
3110300 99
3110301 5
311100 99
311101 9
3111300 90
3111301 5
321200 1
321201 97
3212300 3
3212301 99
32100 1
32101 99
321300 7
321301 99
32200 1
32201 91
322300 2
322301 88
32300 4
32301 86
323300 1
323301 91
32400 1
32401 62
324300 2
324301 55
32500 3
32501 53
325300 9
325301 45
32600 8
32601 57
326300 17
326301 45
32700 24
32701 44
327300 22
327301 41
32800 46
32801 28
328300 64
328301 11
32900 68
32901 18
329300 85
329301 10
321000 88
321001 11
3210300 97
3210301 1
321100 90
321101 6
3211300 99
3211301 1
331200 8
331201 99
3312300 3
3312301 99
33100 1
33101 94
331300 1
331301 97
33200 1
33201 98
332300 1
332301 95
33300 10
33301 80
333300 1
333301 89
33400 3
33401 81
334300 11
334301 68
33500 1
33501 66
335300 13
335301 61
33600 1
33601 50
336300 8
336301 51
33700 23
33701 37
337300 36
337301 28
33800 42
33801 33
338300 69
338301 12
33900 72
33901 7
339300 76
339301 11
331000 88
331001 10
3310300 98
3310301 11
331100 99
331101 1
3311300 92
3311301 1
341200 9
341201 99
3412300 1
3412301 99
34100 1
34101 99
341300 1
341301 97
34200 1
34201 95
342300 1
342301 99
34300 1
34301 89
343300 1
343301 81
34400 7
34401 66
344300 1
344301 57
34500 12
34501 66
345300 9
345301 59
34600 16
34601 55
346300 14
346301 50
34700 16
34701 32
347300 36
347301 36
34800 45
34801 26
348300 58
348301 11
34900 80
34901 13
349300 78
349301 7
341000 86
341001 7
3410300 96
3410301 4
341100 99
341101 3
3411300 94
3411301 12
351200 1
351201 90
3512300 1
3512301 99
35100 4
35101 99
351300 6
351301 95
35200 1
35201 91
352300 1
352301 81
35300 9
35301 79
353300 8
353301 80
35400 4
35401 77
354300 1
354301 71
35500 11
35501 50
355300 11
355301 57
35600 6
35601 57
356300 12
356301 45
35700 18
35701 37
357300 32
357301 25
35800 43
35801 17
358300 64
358301 19
35900 78
35901 7
359300 78
359301 6
351000 96
351001 7
3510300 99
3510301 1
351100 98
351101 7
3511300 99
3511301 1
361200 1
361201 95
3612300 5
3612301 91
36100 1
36101 93
361300 1
361301 99
36200 1
36201 92
362300 1
362301 84
36300 9
36301 85
363300 7
363301 84
36400 9
36401 62
364300 1
364301 54
36500 13
36501 68
365300 16
365301 45
36600 9
36601 51
366300 2
366301 48
36700 27
36701 35
367300 32
367301 34
36800 44
36801 35
368300 73
368301 7
36900 78
36901 2
369300 81
369301 14
361000 99
361001 8
3610300 90
3610301 7
361100 99
361101 1
3611300 99
3611301 1
371200 1
371201 91
3712300 1
3712301 92
37100 1
37101 94
371300 1
371301 98
37200 1
37201 91
372300 6
372301 88
37300 1
37301 95
373300 6
373301 74
37400 7
37401 80
374300 1
374301 58
37500 1
37501 65
375300 1
375301 51
37600 8
37601 57
376300 8
376301 45
37700 30
37701 34
377300 27
377301 29
37800 36
37801 33
378300 62
378301 17
37900 67
37901 15
379300 84
379301 13
371000 89
371001 6
3710300 99
3710301 1
371100 96
371101 9
3711300 99
3711301 1
411200 1
411201 99
4112300 6
4112301 94
41100 1
41101 91
411300 1
411301 93
41200 2
41201 99
412300 8
412301 97
41300 8
41301 95
413300 1
413301 82
41400 1
41401 69
414300 1
414301 64
41500 1
41501 59
415300 15
415301 55
41600 9
41601 60
416300 9
416301 42
41700 32
41701 39
417300 36
417301 30
41800 29
41801 32
418300 71
418301 3
41900 80
41901 18
419300 84
419301 14
411000 88
411001 13
4110300 86
4110301 5
411100 94
411101 11
4111300 98
4111301 12
421200 4
421201 89
4212300 1
4212301 91
42100 1
42101 97
421300 1
421301 99
42200 1
42201 85
422300 1
422301 96
42300 5
42301 80
423300 1
423301 81
42400 7
42401 65
424300 1
424301 58
42500 4
42501 69
425300 13
425301 44
42600 7
42601 57
426300 8
426301 48
42700 27
42701 34
427300 18
427301 39
42800 42
42801 36
428300 69
428301 15
42900 68
42901 4
429300 70
429301 7
421000 92
421001 2
4210300 93
4210301 1
421100 99
421101 2
4211300 99
4211301 7
431200 1
431201 99
4312300 8
4312301 90
43100 1
43101 99
431300 1
431301 99
43200 5
43201 96
432300 9
432301 87
43300 6
43301 94
433300 3
433301 75
43400 1
43401 67
434300 10
434301 70
43500 9
43501 64
435300 8
435301 50
43600 10
43601 47
436300 14
436301 51
43700 31
43701 34
437300 29
437301 40
43800 32
43801 24
438300 67
438301 20
43900 78
43901 16
439300 84
439301 5
431000 90
431001 9
4310300 99
4310301 1
431100 90
431101 2
4311300 98
4311301 7
441200 1
441201 94
4412300 1
4412301 96
44100 9
44101 98
441300 1
441301 99
44200 4
44201 87
442300 6
442301 89
44300 3
44301 88
443300 1
443301 92
44400 1
44401 65
444300 3
444301 63
44500 3
44501 66
445300 5
445301 51
44600 2
44601 58
446300 11
446301 53
44700 27
44701 43
447300 23
447301 26
44800 30
44801 23
448300 77
448301 15
44900 69
44901 18
449300 74
449301 8
441000 90
441001 1
4410300 99
4410301 1
441100 99
441101 13
4411300 90
4411301 1
451200 1
451201 99
4512300 1
4512301 99
45100 1
45101 99
451300 1
451301 86
45200 1
45201 94
452300 6
452301 91
45300 1
45301 95
453300 1
453301 90
45400 1
45401 80
454300 1
454301 54
45500 3
45501 59
455300 6
455301 63
45600 17
45601 54
456300 15
456301 50
45700 35
45701 32
457300 22
457301 35
45800 45
45801 24
458300 63
458301 6
45900 76
45901 4
459300 85
459301 15
451000 98
451001 16
4510300 96
4510301 4
451100 99
451101 1
4511300 94
4511301 1
461200 9
461201 93
4612300 1
4612301 99
46100 1
46101 95
461300 1
461301 99
46200 1
46201 83
462300 1
462301 96
46300 1
46301 96
463300 1
463301 78
46400 8
46401 63
464300 1
464301 62
46500 9
46501 59
465300 8
465301 49
46600 3
46601 56
466300 10
466301 41
46700 28
46701 37
467300 23
467301 41
46800 46
46801 25
468300 68
468301 6
46900 70
46901 10
469300 74
469301 12
461000 92
461001 1
4610300 87
4610301 12
461100 94
461101 12
4611300 95
4611301 1
471200 10
471201 99
4712300 1
4712301 96
47100 2
47101 92
471300 1
471301 92
47200 4
47201 96
472300 8
472301 84
47300 7
47301 86
473300 1
473301 88
47400 1
47401 70
474300 9
474301 61
47500 12
47501 60
475300 15
475301 51
47600 17
47601 56
476300 21
476301 54
47700 29
47701 49
477300 36
477301 27
47800 32
47801 21
478300 60
478301 8
47900 74
47901 11
479300 73
479301 9
471000 99
471001 4
4710300 93
4710301 1
471100 89
471101 11
4711300 99
4711301 1
511200 7
511201 99
5112300 4
5112301 91
51100 1
51101 91
511300 6
511301 89
51200 8
51201 87
512300 9
512301 97
51300 1
51301 86
513300 1
513301 82
51400 1
51401 66
514300 1
514301 58
51500 13
51501 59
515300 18
515301 49
51600 8
51601 57
516300 15
516301 55
51700 34
51701 44
517300 35
517301 23
51800 34
51801 22
518300 71
518301 4
51900 68
51901 11
519300 77
519301 1
511000 81
511001 1
5110300 90
5110301 4
511100 92
511101 3
5111300 90
5111301 6
521200 1
521201 94
5212300 8
5212301 99
52100 9
52101 99
521300 1
521301 99
52200 5
52201 88
522300 8
522301 98
52300 5
52301 94
523300 9
523301 79
52400 6
52401 67
524300 7
524301 60
52500 15
52501 54
525300 14
525301 53
52600 7
52601 52
526300 9
526301 55
52700 21
52701 31
527300 30
527301 30
52800 39
52801 21
528300 66
528301 14
52900 76
52901 10
529300 82
529301 1
521000 96
521001 9
5210300 86
5210301 7
521100 89
521101 6
5211300 99
5211301 11
531200 3
531201 99
5312300 1
5312301 93
53100 2
53101 99
531300 5
531301 87
53200 1
53201 83
532300 4
532301 92
53300 1
53301 90
533300 1
533301 91
53400 1
53401 65
534300 9
534301 56
53500 2
53501 67
535300 10
535301 63
53600 1
53601 51
536300 20
536301 39
53700 22
53701 47
537300 19
537301 26
53800 45
53801 31
538300 73
538301 8
53900 78
53901 6
539300 68
539301 14
531000 88
531001 15
5310300 99
5310301 3
531100 92
531101 1
5311300 99
5311301 1
541200 4
541201 96
5412300 1
5412301 94
54100 8
54101 91
541300 4
541301 99
54200 1
54201 98
542300 1
542301 83
54300 1
54301 95
543300 1
543301 80
54400 2
54401 65
544300 1
544301 72
54500 17
54501 53
545300 1
545301 61
54600 16
54601 59
546300 12
546301 40
54700 16
54701 39
547300 17
547301 32
54800 45
54801 23
548300 73
548301 16
54900 72
54901 2
549300 85
549301 1
541000 82
541001 14
5410300 99
5410301 5
541100 95
541101 1
5411300 94
5411301 10
551200 1
551201 99
5512300 10
5512301 99
55100 1
55101 93
551300 7
551301 99
55200 1
55201 99
552300 1
552301 96
55300 2
55301 93
553300 1
553301 91
55400 5
55401 69
554300 8
554301 71
55500 7
55501 62
555300 5
555301 44
55600 6
55601 43
556300 10
556301 48
55700 29
55701 43
557300 31
557301 24
55800 41
55801 31
558300 73
558301 17
55900 76
55901 6
559300 71
559301 1
551000 95
551001 5
5510300 87
5510301 10
551100 99
551101 12
5511300 97
5511301 9
561200 1
561201 95
5612300 7
5612301 99
56100 1
56101 97
561300 5
561301 97
56200 4
56201 93
562300 5
562301 97
56300 5
56301 77
563300 8
563301 90
56400 1
56401 75
564300 9
564301 60
56500 12
56501 67
565300 17
565301 54
56600 6
56601 42
566300 6
566301 44
56700 18
56701 48
567300 29
567301 40
56800 31
56801 30
568300 67
568301 11
56900 70
56901 9
569300 84
569301 13
561000 93
561001 9
5610300 87
5610301 1
561100 99
561101 1
5611300 96
5611301 5
571200 1
571201 95
5712300 1
5712301 93
57100 1
57101 89
571300 1
571301 95
57200 1
57201 83
572300 6
572301 97
57300 1
57301 90
573300 1
573301 79
57400 10
57401 64
574300 4
574301 55
57500 2
57501 59
575300 15
575301 55
57600 3
57601 54
576300 20
576301 44
57700 20
57701 35
577300 30
577301 41
57800 47
57801 23
578300 60
578301 8
57900 77
57901 14
579300 79
579301 4
571000 92
571001 2
5710300 99
5710301 11
571100 92
571101 6
5711300 91
5711301 2
611200 6
611201 98
6112300 1
6112301 97
61100 1
61101 99
611300 2
611301 99
61200 1
61201 87
612300 3
612301 81
61300 3
61301 86
613300 1
613301 90
61400 3
61401 79
614300 1
614301 64
61500 13
61501 62
615300 14
615301 57
61600 12
61601 49
616300 17
616301 45
61700 31
61701 48
617300 27
617301 39
61800 45
61801 18
618300 60
618301 22
61900 79
61901 2
619300 78
619301 13
611000 98
611001 1
6110300 99
6110301 1
611100 97
611101 3
6111300 98
6111301 10
621200 1
621201 92
6212300 6
6212301 99
62100 7
62101 89
621300 4
621301 99
62200 1
62201 98
622300 1
622301 91
62300 1
62301 79
623300 7
623301 83
62400 1
62401 79
624300 4
624301 70
62500 14
62501 54
625300 15
625301 44
62600 11
62601 45
626300 5
626301 49
62700 22
62701 47
627300 35
627301 30
62800 43
62801 19
628300 65
628301 3
62900 79
62901 11
629300 72
629301 16
621000 88
621001 11
6210300 95
6210301 7
621100 93
621101 8
6211300 99
6211301 1
631200 1
631201 89
6312300 1
6312301 99
63100 1
63101 99
631300 2
631301 99
63200 1
63201 86
632300 9
632301 86
63300 5
63301 96
633300 8
633301 92
63400 1
63401 76
634300 1
634301 53
63500 3
63501 55
635300 10
635301 60
63600 3
63601 46
636300 8
636301 45
63700 18
63701 37
637300 31
637301 38
63800 45
63801 27
638300 69
638301 16
63900 79
63901 20
639300 83
639301 17
631000 98
631001 11
6310300 86
6310301 10
631100 99
631101 1
6311300 90
6311301 4
641200 1
641201 99
6412300 8
6412301 99
64100 10
64101 99
641300 8
641301 99
64200 8
64201 84
642300 10
642301 86
64300 1
64301 92
643300 2
643301 90
64400 10
64401 64
644300 2
644301 61
64500 5
64501 55
645300 18
645301 46
64600 12
64601 49
646300 21
646301 58
64700 26
64701 45
647300 33
647301 34
64800 35
64801 17
648300 65
648301 16
64900 74
64901 17
649300 72
649301 9
641000 84
641001 11
6410300 99
6410301 1
641100 95
641101 8
6411300 95
6411301 9
651200 1
651201 99
6512300 1
6512301 95
65100 6
65101 99
651300 1
651301 99
65200 1
65201 97
652300 1
652301 99
65300 1
65301 85
653300 1
653301 78
65400 1
65401 76
654300 1
654301 65
65500 8
65501 64
655300 3
655301 50
65600 3
65601 54
656300 8
656301 56
65700 34
65701 34
657300 27
657301 27
65800 46
65801 35
658300 71
658301 7
65900 64
65901 1
659300 73
659301 8
651000 99
651001 16
6510300 88
6510301 1
651100 95
651101 4
6511300 99
6511301 4
661200 1
661201 97
6612300 6
6612301 99
66100 1
66101 98
661300 10
661301 87
66200 10
66201 90
662300 1
662301 97
66300 1
66301 78
663300 9
663301 89
66400 6
66401 80
664300 7
664301 67
66500 4
66501 69
665300 18
665301 53
66600 13
66601 52
666300 19
666301 41
66700 18
66701 37
667300 36
667301 28
66800 40
66801 31
668300 71
668301 18
66900 67
66901 10
669300 81
669301 5
661000 87
661001 14
6610300 98
6610301 1
661100 97
661101 1
6611300 99
6611301 4
671200 1
671201 97
6712300 1
6712301 99
67100 10
67101 99
671300 1
671301 99
67200 3
67201 95
672300 1
672301 81
67300 1
67301 81
673300 1
673301 74
67400 1
67401 75
674300 1
674301 69
67500 1
67501 61
675300 18
675301 56
67600 14
67601 46
676300 14
676301 46
67700 23
67701 49
677300 18
677301 29
67800 42
67801 20
678300 73
678301 4
67900 79
67901 7
679300 83
679301 6
671000 91
671001 16
6710300 96
6710301 10
671100 99
671101 1
6711300 99
6711301 1
711200 1
711201 99
7112300 2
7112301 89
71100 1
71101 99
711300 2
711301 99
71200 1
71201 95
712300 1
712301 86
71300 7
71301 81
713300 1
713301 88
71400 3
71401 65
714300 1
714301 70
71500 10
71501 64
715300 6
715301 60
71600 9
71601 44
716300 20
716301 47
71700 17
71701 42
717300 32
717301 33
71800 35
71801 17
718300 77
718301 13
71900 77
71901 10
719300 80
719301 15
711000 84
711001 15
7110300 99
7110301 3
711100 99
711101 4
7111300 89
7111301 3
721200 7
721201 99
7212300 1
7212301 95
72100 6
72101 88
721300 1
721301 94
72200 1
72201 99
722300 6
722301 94
72300 9
72301 96
723300 1
723301 74
72400 1
72401 64
724300 8
724301 57
72500 16
72501 51
725300 16
725301 56
72600 15
72601 50
726300 16
726301 41
72700 16
72701 49
727300 26
727301 23
72800 31
72801 20
728300 74
728301 9
72900 79
72901 18
729300 68
729301 1
721000 84
721001 1
7210300 99
7210301 1
721100 99
721101 1
7211300 97
7211301 5
731200 1
731201 97
7312300 8
7312301 99
73100 1
73101 88
731300 7
731301 99
73200 4
73201 86
732300 1
732301 84
73300 1
73301 91
733300 1
733301 75
73400 1
73401 71
734300 7
734301 63
73500 1
73501 66
735300 18
735301 57
73600 6
73601 58
736300 3
736301 53
73700 25
73701 43
737300 30
737301 41
73800 36
73801 21
738300 60
738301 11
73900 72
73901 14
739300 71
739301 4
731000 83
731001 13
7310300 92
7310301 1
731100 99
731101 2
7311300 97
7311301 5
741200 1
741201 95
7412300 1
7412301 99
74100 1
74101 91
741300 5
741301 89
74200 1
74201 90
742300 1
742301 99
74300 1
74301 95
743300 10
743301 74
74400 1
74401 68
744300 6
744301 60
74500 10
74501 55
745300 9
745301 58
74600 14
74601 48
746300 3
746301 47
74700 23
74701 49
747300 30
747301 26
74800 45
74801 32
748300 58
748301 16
74900 77
74901 20
749300 74
749301 5
741000 86
741001 6
7410300 87
7410301 1
741100 97
741101 1
7411300 98
7411301 6
751200 1
751201 94
7512300 1
7512301 99
75100 1
75101 92
751300 1
751301 99
75200 1
75201 89
752300 1
752301 88
75300 2
75301 82
753300 1
753301 79
75400 3
75401 76
754300 1
754301 55
75500 1
75501 69
755300 4
755301 55
75600 12
75601 56
756300 9
756301 49
75700 33
75701 41
757300 27
757301 26
75800 47
75801 25
758300 62
758301 6
75900 71
75901 6
759300 79
759301 1
751000 99
751001 2
7510300 99
7510301 1
751100 96
751101 12
7511300 99
7511301 9
761200 1
761201 92
7612300 4
7612301 97
76100 1
76101 91
761300 1
761301 88
76200 1
76201 84
762300 2
762301 85
76300 6
76301 90
763300 3
763301 78
76400 1
76401 80
764300 6
764301 63
76500 1
76501 64
765300 16
765301 50
76600 8
76601 43
766300 7
766301 51
76700 26
76701 37
767300 20
767301 34
76800 42
76801 32
768300 68
768301 11
76900 68
76901 18
769300 73
769301 14
761000 88
761001 1
7610300 96
7610301 10
761100 92
761101 1
7611300 99
7611301 9
771200 3
771201 99
7712300 10
7712301 99
77100 4
77101 99
771300 1
771301 88
77200 9
77201 99
772300 1
772301 84
77300 3
77301 81
773300 1
773301 83
77400 1
77401 63
774300 7
774301 69
77500 16
77501 56
775300 8
775301 49
77600 4
77601 46
776300 12
776301 40
77700 21
77701 40
777300 30
777301 39
77800 37
77801 23
778300 65
778301 6
77900 68
77901 6
779300 83
779301 1
771000 96
771001 8
7710300 99
7710301 1
771100 99
771101 4
7711300 99
7711301 5
811200 10
811201 90
8112300 2
8112301 93
81100 6
81101 87
811300 8
811301 90
81200 1
81201 96
812300 3
812301 99
81300 1
81301 91
813300 7
813301 91
81400 5
81401 79
814300 9
814301 71
81500 10
81501 59
815300 12
815301 48
81600 1
81601 43
816300 2
816301 44
81700 25
81701 36
817300 30
817301 33
81800 44
81801 28
818300 76
818301 3
81900 81
81901 13
819300 70
819301 4
811000 91
811001 15
8110300 98
8110301 6
811100 90
811101 2
8111300 99
8111301 1
821200 1
821201 99
8212300 9
8212301 99
82100 7
82101 96
821300 9
821301 99
82200 1
82201 90
822300 7
822301 90
82300 1
82301 86
823300 1
823301 74
82400 4
82401 63
824300 1
824301 64
82500 1
82501 50
825300 9
825301 46
82600 16
82601 50
826300 9
826301 49
82700 35
82701 49
827300 19
827301 29
82800 39
82801 20
828300 62
828301 4
82900 65
82901 8
829300 74
829301 1
821000 85
821001 1
8210300 92
8210301 9
821100 96
821101 1
8211300 91
8211301 7
831200 1
831201 99
8312300 10
8312301 92
83100 5
83101 89
831300 9
831301 99
83200 3
83201 99
832300 7
832301 85
83300 9
83301 95
833300 4
833301 86
83400 7
83401 74
834300 3
834301 65
83500 4
83501 65
835300 17
835301 55
83600 13
83601 42
836300 4
836301 54
83700 28
83701 43
837300 27
837301 40
83800 33
83801 31
838300 64
838301 15
83900 70
83901 3
839300 66
839301 1
831000 90
831001 5
8310300 93
8310301 1
831100 98
831101 1
8311300 90
8311301 1
841200 1
841201 95
8412300 5
8412301 99
84100 5
84101 91
841300 1
841301 99
84200 1
84201 90
842300 7
842301 86
84300 2
84301 78
843300 1
843301 80
84400 10
84401 63
844300 1
844301 54
84500 2
84501 61
845300 12
845301 56
84600 7
84601 49
846300 19
846301 58
84700 27
84701 37
847300 31
847301 34
84800 39
84801 25
848300 64
848301 17
84900 79
84901 15
849300 67
849301 16
841000 99
841001 11
8410300 92
8410301 11
841100 91
841101 5
8411300 93
8411301 1
851200 1
851201 99
8512300 6
8512301 99
85100 1
85101 99
851300 8
851301 98
85200 10
85201 96
852300 2
852301 84
85300 1
85301 85
853300 1
853301 87
85400 4
85401 80
854300 5
854301 53
85500 10
85501 61
855300 18
855301 56
85600 9
85601 44
856300 16
856301 39
85700 18
85701 35
857300 32
857301 24
85800 35
85801 17
858300 70
858301 19
85900 78
85901 5
859300 72
859301 13
851000 90
851001 12
8510300 93
8510301 4
851100 99
851101 10
8511300 93
8511301 1
861200 1
861201 91
8612300 1
8612301 99
86100 7
86101 99
861300 3
861301 92
86200 1
86201 90
862300 7
862301 90
86300 1
86301 83
863300 1
863301 78
86400 1
86401 65
864300 1
864301 65
86500 3
86501 69
865300 17
865301 45
86600 14
86601 60
866300 9
866301 46
86700 35
86701 48
867300 36
867301 31
86800 35
86801 22
868300 61
868301 11
86900 82
86901 5
869300 73
869301 2
861000 84
861001 5
8610300 87
8610301 2
861100 99
861101 1
8611300 99
8611301 1
871200 7
871201 89
8712300 4
8712301 99
87100 4
87101 98
871300 9
871301 89
87200 1
87201 83
872300 1
872301 87
87300 5
87301 89
873300 8
873301 88
87400 8
87401 80
874300 1
874301 59
87500 5
87501 51
875300 4
875301 47
87600 8
87601 51
876300 9
876301 52
87700 23
87701 43
877300 18
877301 24
87800 48
87801 34
878300 76
878301 8
87900 63
87901 20
879300 70
879301 7
871000 82
871001 1
8710300 95
8710301 1
871100 99
871101 1
8711300 98
8711301 4
911200 1
911201 90
9112300 1
9112301 99
91100 1
91101 97
911300 9
911301 90
91200 1
91201 87
912300 8
912301 93
91300 8
91301 96
913300 7
913301 90
91400 1
91401 66
914300 11
914301 61
91500 8
91501 59
915300 18
915301 55
91600 2
91601 54
916300 18
916301 53
91700 19
91701 46
917300 25
917301 33
91800 32
91801 17
918300 65
918301 17
91900 80
91901 9
919300 70
919301 6
911000 84
911001 5
9110300 90
9110301 7
911100 99
911101 1
9111300 99
9111301 1
921200 1
921201 99
9212300 1
9212301 89
92100 1
92101 98
921300 8
921301 99
92200 5
92201 85
922300 1
922301 86
92300 1
92301 93
923300 7
923301 84
92400 9
92401 69
924300 1
924301 70
92500 14
92501 66
925300 9
925301 48
92600 18
92601 55
926300 21
926301 41
92700 26
92701 40
927300 33
927301 40
92800 46
92801 23
928300 58
928301 8
92900 74
92901 14
929300 81
929301 1
921000 98
921001 1
9210300 99
9210301 1
921100 99
921101 3
9211300 96
9211301 2
931200 1
931201 94
9312300 1
9312301 96
93100 1
93101 99
931300 6
931301 97
93200 2
93201 94
932300 7
932301 90
93300 8
93301 94
933300 9
933301 76
93400 3
93401 67
934300 5
934301 64
93500 17
93501 69
935300 15
935301 59
93600 17
93601 54
936300 9
936301 51
93700 31
93701 37
937300 20
937301 41
93800 37
93801 29
938300 76
938301 12
93900 80
93901 3
939300 81
939301 2
931000 99
931001 16
9310300 92
9310301 1
931100 99
931101 10
9311300 94
9311301 10
941200 10
941201 99
9412300 7
9412301 94
94100 1
94101 99
941300 1
941301 99
94200 1
94201 84
942300 1
942301 86
94300 1
94301 81
943300 7
943301 92
94400 1
94401 62
944300 7
944301 55
94500 5
94501 59
945300 10
945301 63
94600 8
94601 53
946300 3
946301 44
94700 16
94701 37
947300 25
947301 32
94800 38
94801 30
948300 69
948301 13
94900 68
94901 16
949300 77
949301 1
941000 88
941001 2
9410300 99
9410301 4
941100 99
941101 1
9411300 93
9411301 11
951200 1
951201 93
9512300 4
9512301 99
95100 3
95101 99
951300 4
951301 99
95200 8
95201 91
952300 1
952301 88
95300 1
95301 92
953300 1
953301 82
95400 9
95401 75
954300 1
954301 54
95500 1
95501 59
955300 14
955301 45
95600 5
95601 42
956300 21
956301 58
95700 34
95701 38
957300 27
957301 42
95800 46
95801 17
958300 76
958301 22
95900 63
95901 6
959300 76
959301 16
951000 95
951001 9
9510300 99
9510301 10
951100 93
951101 1
9511300 95
9511301 1
961200 1
961201 99
9612300 8
9612301 95
96100 6
96101 96
961300 1
961301 95
96200 7
96201 90
962300 1
962301 86
96300 1
96301 95
963300 1
963301 83
96400 1
96401 71
964300 1
964301 65
96500 10
96501 50
965300 16
965301 52
96600 16
96601 52
966300 21
966301 42
96700 17
96701 50
967300 32
967301 35
96800 39
96801 24
968300 72
968301 22
96900 72
96901 13
969300 75
969301 1
961000 81
961001 7
9610300 92
9610301 13
961100 99
961101 9
9611300 96
9611301 1
971200 1
971201 99
9712300 1
9712301 99
97100 1
97101 91
971300 1
971301 99
97200 2
97201 99
972300 1
972301 81
97300 8
97301 87
973300 7
973301 89
97400 1
97401 64
974300 1
974301 61
97500 16
97501 61
975300 15
975301 54
97600 14
97601 46
976300 5
976301 53
97700 24
97701 41
977300 31
977301 34
97800 36
97801 30
978300 74
978301 18
97900 76
97901 15
979300 85
979301 1
971000 99
971001 1
9710300 99
9710301 1
971100 96
971101 1
9711300 96
9711301 1
1011200 1
1011201 99
10112300 1
10112301 99
101100 1
101101 90
1011300 1
1011301 99
101200 1
101201 84
1012300 1
1012301 84
101300 1
101301 86
1013300 10
1013301 74
101400 10
101401 76
1014300 6
1014301 57
101500 2
101501 56
1015300 3
1015301 49
101600 12
101601 50
1016300 3
1016301 50
101700 20
101701 43
1017300 19
1017301 23
101800 33
101801 35
1018300 64
1018301 22
101900 80
101901 7
1019300 68
1019301 1
1011000 89
1011001 7
10110300 98
10110301 7
1011100 99
1011101 1
10111300 93
10111301 1
1021200 1
1021201 99
10212300 1
10212301 96
102100 1
102101 99
1021300 1
1021301 88
102200 1
102201 85
1022300 1
1022301 97
102300 1
102301 81
1023300 10
1023301 90
102400 1
102401 62
1024300 1
1024301 57
102500 5
102501 52
1025300 8
1025301 60
102600 2
102601 59
1026300 14
1026301 43
102700 21
102701 33
1027300 27
1027301 38
102800 46
102801 30
1028300 64
1028301 13
102900 79
102901 13
1029300 66
1029301 9
1021000 89
1021001 4
10210300 99
10210301 12
1021100 99
1021101 1
10211300 99
10211301 6
1031200 7
1031201 99
10312300 1
10312301 91
103100 1
103101 95
1031300 7
1031301 99
103200 1
103201 96
1032300 1
1032301 95
103300 4
103301 93
1033300 7
1033301 81
103400 10
103401 78
1034300 6
1034301 58
103500 11
103501 63
1035300 1
1035301 57
103600 8
103601 45
1036300 2
1036301 42
103700 20
103701 46
1037300 29
1037301 38
103800 42
103801 24
1038300 73
1038301 4
103900 80
103901 6
1039300 70
1039301 14
1031000 85
1031001 2
10310300 87
10310301 10
1031100 89
1031101 1
10311300 89
10311301 1
1041200 1
1041201 99
10412300 2
10412301 97
104100 1
104101 90
1041300 1
1041301 89
104200 1
104201 95
1042300 4
1042301 83
104300 5
104301 96
1043300 6
1043301 84
104400 1
104401 62
1044300 3
1044301 60
104500 1
104501 52
1045300 5
1045301 53
104600 7
104601 60
1046300 20
1046301 54
104700 31
104701 44
1047300 25
1047301 34
104800 48
104801 29
1048300 75
1048301 12
104900 74
104901 1
1049300 83
1049301 7
1041000 98
1041001 8
10410300 99
10410301 1
1041100 99
1041101 11
10411300 93
10411301 7
1051200 1
1051201 89
10512300 1
10512301 90
105100 4
105101 99
1051300 7
1051301 93
105200 2
105201 90
1052300 7
1052301 93
105300 8
105301 85
1053300 1
1053301 91
105400 1
105401 65
1054300 8
1054301 63
105500 4
105501 54
1055300 5
1055301 59
105600 7
105601 41
1056300 4
1056301 39
105700 30
105701 48
1057300 28
1057301 23
105800 33
105801 26
1058300 65
1058301 10
105900 66
105901 3
1059300 85
1059301 15
1051000 84
1051001 4
10510300 94
10510301 2
1051100 92
1051101 10
10511300 99
10511301 7
1061200 8
1061201 93
10612300 8
10612301 92
106100 7
106101 95
1061300 1
1061301 99
106200 1
106201 98
1062300 1
1062301 86
106300 1
106301 78
1063300 1
1063301 84
106400 1
106401 75
1064300 6
1064301 62
106500 1
106501 65
1065300 1
1065301 48
106600 4
106601 59
1066300 5
1066301 41
106700 31
106701 41
1067300 21
1067301 37
106800 31
106801 32
1068300 58
1068301 10
106900 82
106901 14
1069300 76
1069301 17
1061000 97
1061001 1
10610300 86
10610301 12
1061100 99
1061101 1
10611300 91
10611301 2
1071200 4
1071201 90
10712300 8
10712301 97
107100 1
107101 94
1071300 1
1071301 99
107200 10
107201 86
1072300 1
1072301 85
107300 3
107301 86
1073300 8
1073301 87
107400 6
107401 70
1074300 1
1074301 53
107500 14
107501 66
1075300 9
1075301 57
107600 3
107601 58
1076300 20
1076301 47
107700 22
107701 38
1077300 21
1077301 37
107800 44
107801 26
1078300 74
1078301 19
107900 78
107901 13
1079300 72
1079301 10
1071000 82
1071001 16
10710300 88
10710301 8
1071100 99
1071101 5
10711300 99
10711301 2
1111200 7
1111201 95
11112300 3
11112301 99
111100 1
111101 87
1111300 1
1111301 87
111200 1
111201 88
1112300 5
1112301 87
111300 10
111301 95
1113300 1
1113301 90
111400 1
111401 67
1114300 1
1114301 69
111500 9
111501 53
1115300 1
1115301 56
111600 16
111601 60
1116300 16
1116301 55
111700 19
111701 44
1117300 26
1117301 36
111800 41
111801 19
1118300 75
1118301 8
111900 66
111901 11
1119300 77
1119301 16
1111000 91
1111001 2
11110300 90
11110301 1
1111100 99
1111101 12
11111300 91
11111301 1
1121200 1
1121201 98
11212300 1
11212301 99
112100 1
112101 90
1121300 7
1121301 99
112200 1
112201 96
1122300 9
1122301 91
112300 1
112301 87
1123300 1
1123301 75
112400 3
112401 74
1124300 1
1124301 69
112500 6
112501 50
1125300 6
1125301 47
112600 16
112601 47
1126300 2
1126301 39
112700 22
112701 44
1127300 18
1127301 39
112800 36
112801 25
1128300 75
1128301 20
112900 75
112901 10
1129300 76
1129301 2
1121000 85
1121001 13
11210300 99
11210301 9
1121100 99
1121101 5
11211300 96
11211301 1
1131200 1
1131201 99
11312300 1
11312301 99
113100 1
113101 98
1131300 5
1131301 88
113200 8
113201 99
1132300 1
1132301 89
113300 1
113301 93
1133300 7
1133301 87
113400 3
113401 68
1134300 1
1134301 67
113500 1
113501 66
1135300 11
1135301 63
113600 10
113601 47
1136300 5
1136301 56
113700 30
113701 45
1137300 21
1137301 33
113800 30
113801 27
1138300 59
1138301 22
113900 68
113901 4
1139300 85
1139301 2
1131000 88
1131001 7
11310300 86
11310301 1
1131100 99
1131101 12
11311300 99
11311301 4
1141200 8
1141201 96
11412300 1
11412301 99
114100 2
114101 95
1141300 6
1141301 96
114200 1
114201 86
1142300 2
1142301 99
114300 1
114301 86
1143300 5
1143301 89
114400 10
114401 78
1144300 2
1144301 69
114500 2
114501 62
1145300 4
1145301 62
114600 3
114601 59
1146300 4
1146301 57
114700 35
114701 38
1147300 18
1147301 38
114800 47
114801 36
1148300 69
1148301 21
114900 63
114901 3
1149300 66
1149301 6
1141000 92
1141001 14
11410300 99
11410301 1
1141100 99
1141101 13
11411300 94
11411301 1
1151200 1
1151201 99
11512300 1
11512301 94
115100 1
115101 88
1151300 8
1151301 99
115200 1
115201 84
1152300 1
1152301 99
115300 1
115301 93
1153300 1
1153301 89
115400 5
115401 76
1154300 10
1154301 64
115500 8
115501 54
1155300 1
1155301 45
115600 13
115601 50
1156300 5
1156301 51
115700 31
115701 33
1157300 23
1157301 36
115800 44
115801 18
1158300 59
1158301 15
115900 68
115901 13
1159300 84
1159301 5
1151000 84
1151001 4
11510300 99
11510301 3
1151100 99
1151101 1
11511300 96
11511301 1
1161200 8
1161201 89
11612300 1
11612301 99
116100 1
116101 95
1161300 4
1161301 99
116200 1
116201 96
1162300 1
1162301 81
116300 1
116301 89
1163300 6
1163301 86
116400 1
116401 73
1164300 1
1164301 60
116500 9
116501 68
1165300 16
1165301 60
116600 1
116601 59
1166300 15
1166301 55
116700 26
116701 48
1167300 22
1167301 32
116800 29
116801 23
1168300 73
1168301 3
116900 73
116901 4
1169300 74
1169301 15
1161000 89
1161001 16
11610300 91
11610301 1
1161100 99
1161101 8
11611300 93
11611301 1
1171200 1
1171201 90
11712300 1
11712301 99
117100 6
117101 93
1171300 10
1171301 90
117200 4
117201 89
1172300 1
1172301 94
117300 9
117301 86
1173300 6
1173301 79
117400 1
117401 79
1174300 1
1174301 70
117500 17
117501 51
1175300 16
1175301 61
117600 3
117601 48
1176300 15
1176301 58
117700 30
117701 33
1177300 21
1177301 38
117800 33
117801 23
1178300 59
1178301 12
117900 76
117901 19
1179300 75
1179301 10
1171000 99
1171001 5
11710300 99
11710301 12
1171100 89
1171101 1
11711300 99
11711301 3
