011200 1
011201 99
0112300 5
0112301 99
01100 2
01101 98
011300 5
011301 99
01200 4
01201 91
012300 6
012301 87
01300 6
01301 77
013300 3
013301 75
01400 5
01401 74
014300 1
014301 53
01500 3
01501 66
015300 16
015301 55
01600 7
01601 54
016300 3
016301 44
01700 24
01701 32
017300 28
017301 38
01800 35
01801 27
018300 74
018301 10
01900 77
01901 1
019300 69
019301 17
011000 82
011001 1
0110300 88
0110301 1
011100 99
011101 7
0111300 98
0111301 12
021200 5
021201 99
0212300 1
0212301 98
02100 1
02101 97
021300 1
021301 98
02200 1
02201 99
022300 10
022301 97
02300 1
02301 92
023300 1
023301 76
02400 1
02401 74
024300 1
024301 70
02500 3
02501 57
025300 13
025301 53
02600 7
02601 56
026300 4
026301 49
02700 35
02701 46
027300 21
027301 40
02800 32
02801 22
028300 58
028301 5
02900 80
02901 6
029300 68
029301 1
021000 97
021001 11
0210300 99
0210301 1
021100 97
021101 7
0211300 89
0211301 2
031200 1
031201 91
0312300 4
0312301 89
03100 1
03101 99
031300 1
031301 91
03200 10
03201 99
032300 1
032301 96
03300 3
03301 81
033300 1
033301 80
03400 7
03401 79
034300 3
034301 70
03500 17
03501 54
035300 12
035301 61
03600 11
03601 56
036300 17
036301 54
03700 23
03701 36
037300 36
037301 28
03800 42
03801 22
038300 62
038301 10
03900 77
03901 17
039300 71
039301 4
031000 87
031001 7
0310300 86
0310301 11
031100 99
031101 1
0311300 90
0311301 11
041200 9
041201 99
0412300 8
0412301 89
04100 1
04101 96
041300 1
041301 90
04200 1
04201 95
042300 7
042301 99
04300 1
04301 92
043300 1
043301 90
04400 1
04401 77
044300 1
044301 57
04500 1
04501 67
045300 7
045301 54
04600 7
04601 55
046300 6
046301 54
04700 32
04701 45
047300 23
047301 39
04800 48
04801 20
048300 61
048301 6
04900 63
04901 15
049300 69
049301 1
041000 84
041001 14
0410300 99
0410301 3
041100 96
041101 1
0411300 94
0411301 3
051200 1
051201 99
0512300 1
0512301 99
05100 7
05101 99
051300 1
051301 89
05200 7
05201 96
052300 1
052301 87
05300 6
05301 80
053300 7
053301 89
05400 10
05401 70
054300 1
054301 66
05500 13
05501 56
055300 1
055301 61
05600 2
05601 58
056300 4
056301 44
05700 27
05701 38
057300 27
057301 32
05800 31
05801 24
058300 64
058301 16
05900 81
05901 11
059300 75
059301 8
051000 86
051001 7
0510300 94
0510301 10
051100 95
051101 12
0511300 96
0511301 12
061200 1
061201 99
0612300 1
0612301 93
06100 7
06101 92
061300 10
061301 99
06200 4
06201 93
062300 1
062301 90
06300 1
06301 82
063300 1
063301 74
06400 1
06401 74
064300 11
064301 58
06500 15
06501 63
065300 1
065301 54
06600 8
06601 52
066300 17
066301 41
06700 34
06701 50
067300 33
067301 28
06800 29
06801 33
068300 59
068301 14
06900 72
06901 12
069300 82
069301 7
061000 95
061001 13
0610300 89
0610301 6
061100 99
061101 1
0611300 94
0611301 1
071200 1
071201 99
0712300 1
0712301 99
07100 6
07101 99
071300 6
071301 96
07200 1
07201 95
072300 7
072301 84
07300 1
07301 94
073300 1
073301 91
07400 1
07401 66
074300 1
074301 71
07500 1
07501 57
075300 16
075301 49
07600 5
07601 56
076300 8
076301 46
07700 16
07701 38
077300 22
077301 25
07800 35
07801 33
078300 69
078301 10
07900 68
07901 8
079300 72
079301 15
071000 99
071001 1
0710300 99
0710301 2
071100 99
071101 1
0711300 99
0711301 1
111200 1
111201 91
1112300 1
1112301 99
11100 3
11101 99
111300 5
111301 92
11200 1
11201 86
112300 1
112301 86
11300 1
11301 87
113300 1
113301 82
11400 1
11401 70
114300 1
114301 69
11500 4
11501 67
115300 18
115301 63
11600 5
11601 56
116300 7
116301 51
11700 16
11701 31
117300 36
117301 25
11800 33
11801 35
118300 59
118301 18
11900 68
11901 4
119300 80
119301 4
111000 93
111001 1
1110300 99
1110301 8
111100 91
111101 4
1111300 98
1111301 1
121200 1
121201 99
1212300 1
1212301 99
12100 4
12101 93
121300 1
121301 89
12200 1
12201 95
122300 2
122301 88
12300 1
12301 89
123300 7
123301 80
12400 5
12401 71
124300 1
124301 69
12500 10
12501 65
125300 16
125301 54
12600 7
12601 42
126300 19
126301 51
12700 35
12701 41
127300 29
127301 28
12800 30
12801 24
128300 76
128301 4
12900 66
12901 20
129300 77
129301 5
121000 95
121001 1
1210300 99
1210301 8
121100 97
121101 10
1211300 95
1211301 11
131200 1
131201 98
1312300 1
1312301 99
13100 10
13101 97
131300 1
131301 89
13200 7
13201 96
132300 1
132301 88
13300 5
13301 80
133300 5
133301 89
13400 2
13401 79
134300 1
134301 72
13500 11
13501 66
135300 17
135301 61
13600 11
13601 47
136300 10
136301 39
13700 25
13701 47
137300 30
137301 36
13800 35
13801 23
138300 75
138301 18
13900 80
13901 17
139300 83
139301 8
131000 99
131001 14
1310300 86
1310301 1
131100 99
131101 2
1311300 94
1311301 1
141200 1
141201 99
1412300 1
1412301 99
14100 1
14101 99
141300 1
141301 99
14200 1
14201 99
142300 9
142301 92
14300 1
14301 89
143300 1
143301 84
14400 1
14401 78
144300 3
144301 62
14500 17
14501 61
145300 13
145301 52
14600 18
14601 58
146300 20
146301 39
14700 22
14701 40
147300 27
147301 24
14800 43
14801 24
148300 66
148301 21
14900 78
14901 3
149300 85
149301 17
141000 99
141001 7
1410300 99
1410301 6
141100 95
141101 10
1411300 99
1411301 10
151200 1
151201 99
1512300 1
1512301 99
15100 1
15101 88
151300 1
151301 93
15200 7
15201 93
152300 4
152301 96
15300 1
15301 78
153300 5
153301 81
15400 7
15401 66
154300 1
154301 53
15500 10
15501 64
155300 18
155301 60
15600 18
15601 44
156300 2
156301 58
15700 17
15701 37
157300 28
157301 41
15800 30
15801 17
158300 63
158301 20
15900 77
15901 16
159300 70
159301 1
151000 96
151001 14
1510300 93
1510301 1
151100 99
151101 8
1511300 99
1511301 7
161200 10
161201 99
1612300 1
1612301 94
16100 7
16101 95
161300 8
161301 89
16200 1
16201 94
162300 1
162301 99
16300 1
16301 81
163300 1
163301 76
16400 1
16401 80
164300 1
164301 56
16500 1
16501 61
165300 10
165301 55
16600 14
16601 50
166300 16
166301 56
16700 22
16701 44
167300 19
167301 37
16800 40
16801 20
168300 68
168301 22
16900 67
16901 20
169300 66
169301 6
161000 99
161001 2
1610300 90
1610301 4
161100 93
161101 1
1611300 99
1611301 10
171200 1
171201 99
1712300 8
1712301 91
17100 1
17101 99
171300 1
171301 91
17200 1
17201 91
172300 1
172301 88
17300 1
17301 87
173300 1
173301 81
17400 5
17401 71
174300 6
174301 67
17500 10
17501 56
175300 6
175301 53
17600 8
17601 41
176300 7
176301 56
17700 32
17701 33
177300 34
177301 36
17800 48
17801 35
178300 75
178301 22
17900 67
17901 20
179300 71
179301 3
171000 86
171001 11
1710300 99
1710301 6
171100 94
171101 8
1711300 98
1711301 1
211200 5
211201 90
2112300 5
2112301 94
21100 7
21101 92
211300 7
211301 90
21200 3
21201 98
212300 8
212301 84
21300 1
21301 82
213300 1
213301 75
21400 9
21401 75
214300 1
214301 61
21500 4
21501 69
215300 11
215301 57
21600 9
21601 54
216300 8
216301 47
21700 33
21701 38
217300 30
217301 27
21800 40
21801 29
218300 72
218301 18
21900 78
21901 19
219300 66
219301 12
211000 86
211001 16
2110300 88
2110301 2
211100 99
211101 7
2111300 96
2111301 5
221200 1
221201 99
2212300 4
2212301 99
22100 1
22101 99
221300 1
221301 93
22200 2
22201 90
222300 1
222301 82
22300 7
22301 79
223300 1
223301 92
22400 1
22401 64
224300 1
224301 53
22500 8
22501 64
225300 10
225301 49
22600 2
22601 42
226300 8
226301 42
22700 20
22701 50
227300 31
227301 26
22800 36
22801 35
228300 62
228301 18
22900 66
22901 7
229300 73
229301 1
221000 88
221001 1
2210300 92
2210301 1
221100 98
221101 2
2211300 99
2211301 3
231200 4
231201 99
2312300 1
2312301 97
23100 1
23101 88
231300 3
231301 99
23200 1
23201 94
232300 1
232301 96
23300 9
23301 77
233300 1
233301 75
23400 2
23401 65
234300 1
234301 53
23500 13
23501 50
235300 5
235301 59
23600 15
23601 51
236300 4
236301 43
23700 26
23701 33
237300 18
237301 35
23800 32
23801 29
238300 60
238301 4
23900 76
23901 16
239300 83
239301 1
231000 93
231001 2
2310300 97
2310301 1
231100 99
231101 8
2311300 99
2311301 9
241200 3
241201 99
2412300 6
2412301 99
24100 10
24101 90
241300 1
241301 96
24200 1
24201 99
242300 1
242301 84
24300 1
24301 81
243300 1
243301 81
24400 1
24401 62
244300 7
244301 60
24500 2
24501 62
245300 6
245301 60
24600 11
24601 47
246300 7
246301 54
24700 29
24701 49
247300 31
247301 31
24800 29
24801 19
248300 73
248301 18
24900 69
24901 3
249300 67
249301 3
241000 86
241001 7
2410300 99
2410301 1
241100 99
241101 1
2411300 99
2411301 1
251200 10
251201 92
2512300 1
2512301 99
25100 7
25101 97
251300 8
251301 99
25200 3
25201 90
252300 1
252301 91
25300 9
25301 94
253300 1
253301 79
25400 6
25401 80
254300 5
254301 58
25500 6
25501 65
255300 2
255301 55
25600 2
25601 42
256300 14
256301 47
25700 33
25701 33
257300 35
257301 27
25800 31
25801 17
258300 64
258301 19
25900 74
25901 14
259300 81
259301 1
251000 95
251001 7
2510300 94
2510301 10
251100 93
251101 1
2511300 98
2511301 1
261200 1
261201 97
2612300 8
2612301 99
26100 1
26101 93
261300 10
261301 93
26200 1
26201 91
262300 7
262301 99
26300 5
26301 95
263300 1
263301 90
26400 4
26401 68
264300 9
264301 56
26500 1
26501 58
265300 17
265301 59
26600 6
26601 58
266300 8
266301 53
26700 32
26701 34
267300 24
267301 31
26800 39
26801 21
268300 61
268301 5
26900 81
26901 16
269300 67
269301 3
261000 99
261001 1
2610300 99
2610301 2
261100 94
261101 8
2611300 99
2611301 1
271200 1
271201 99
2712300 1
2712301 92
27100 1
27101 99
271300 6
271301 88
27200 5
27201 90
272300 4
272301 99
27300 1
27301 89
273300 4
273301 74
27400 1
27401 70
274300 1
274301 62
27500 4
27501 51
275300 4
275301 45
27600 13
27601 55
276300 9
276301 50
27700 17
27701 42
277300 20
277301 31
27800 42
27801 32
278300 72
278301 16
27900 72
27901 13
279300 68
279301 11
271000 84
271001 14
2710300 99
2710301 1
271100 99
271101 6
2711300 99
2711301 11
311200 2
311201 90
3112300 6
3112301 93
31100 1
31101 99
311300 1
311301 96
31200 5
31201 87
312300 1
312301 84
31300 1
31301 84
313300 1
313301 82
31400 1
31401 75
314300 1
314301 63
31500 11
31501 55
315300 8
315301 56
31600 10
31601 45
316300 8
316301 55
31700 21
31701 32
317300 35
317301 35
31800 42
31801 27
318300 69
318301 22
31900 70
31901 6
319300 67
319301 16
311000 99
311001 12
3110300 91
3110301 6
311100 98
311101 1
3111300 99
3111301 10
321200 9
321201 95
3212300 5
3212301 95
32100 1
32101 91
321300 2
321301 99
32200 3
32201 95
322300 4
322301 88
32300 1
32301 89
323300 10
323301 79
32400 2
32401 68
324300 1
324301 54
32500 1
32501 56
325300 2
325301 50
32600 18
32601 58
326300 6
326301 51
32700 31
32701 43
327300 35
327301 23
32800 37
32801 35
328300 68
328301 12
32900 74
32901 19
329300 73
329301 14
321000 83
321001 4
3210300 89
3210301 1
321100 99
321101 8
3211300 97
3211301 3
331200 1
331201 99
3312300 1
3312301 99
33100 7
33101 99
331300 4
331301 86
33200 1
33201 99
332300 5
332301 94
33300 1
33301 81
333300 1
333301 85
33400 6
33401 63
334300 10
334301 69
33500 13
33501 58
335300 17
335301 45
33600 9
33601 55
336300 13
336301 57
33700 18
33701 48
337300 35
337301 28
33800 41
33801 31
338300 76
338301 22
33900 69
33901 1
339300 76
339301 3
331000 99
331001 12
3310300 93
3310301 1
331100 95
331101 5
3311300 96
3311301 12
341200 3
341201 99
3412300 1
3412301 98
34100 8
34101 95
341300 1
341301 91
34200 10
34201 84
342300 1
342301 92
34300 5
34301 82
343300 6
343301 89
34400 1
34401 71
344300 8
344301 64
34500 2
34501 65
345300 6
345301 50
34600 16
34601 46
346300 11
346301 50
34700 26
34701 31
347300 32
347301 34
34800 36
34801 31
348300 73
348301 21
34900 72
34901 11
349300 69
349301 1
341000 92
341001 6
3410300 99
3410301 10
341100 99
341101 6
3411300 99
3411301 1
351200 1
351201 99
3512300 10
3512301 98
35100 1
35101 99
351300 1
351301 92
35200 1
35201 96
352300 3
352301 84
35300 1
35301 79
353300 1
353301 74
35400 5
35401 80
354300 7
354301 55
35500 2
35501 60
355300 11
355301 62
35600 13
35601 48
356300 13
356301 42
35700 35
35701 39
357300 34
357301 26
35800 43
35801 30
358300 65
358301 3
35900 74
35901 20
359300 72
359301 2
351000 91
351001 14
3510300 92
3510301 14
351100 90
351101 1
3511300 97
3511301 12
361200 1
361201 99
3612300 1
3612301 99
36100 1
36101 99
361300 1
361301 94
36200 1
36201 99
362300 1
362301 86
36300 8
36301 96
363300 1
363301 81
36400 3
36401 68
364300 5
364301 70
36500 12
36501 59
365300 7
365301 58
36600 5
36601 50
366300 18
366301 45
36700 34
36701 34
367300 27
367301 24
36800 32
36801 35
368300 70
368301 4
36900 80
36901 12
369300 76
369301 11
361000 85
361001 5
3610300 99
3610301 6
361100 99
361101 1
3611300 93
3611301 2
371200 1
371201 90
3712300 1
3712301 99
37100 1
37101 99
371300 2
371301 88
37200 2
37201 90
372300 4
372301 90
37300 4
37301 81
373300 7
373301 84
37400 1
37401 67
374300 1
374301 64
37500 15
37501 64
375300 5
375301 60
37600 5
37601 56
376300 19
376301 55
37700 34
37701 36
377300 36
377301 41
37800 48
37801 24
378300 60
378301 6
37900 64
37901 18
379300 79
379301 6
371000 89
371001 2
3710300 87
3710301 12
371100 99
371101 1
3711300 97
3711301 12
411200 2
411201 92
4112300 1
4112301 99
41100 1
41101 99
411300 1
411301 89
41200 1
41201 95
412300 9
412301 82
41300 9
41301 77
413300 1
413301 79
41400 1
41401 66
414300 1
414301 59
41500 2
41501 52
415300 1
415301 48
41600 1
41601 57
416300 14
416301 40
41700 27
41701 35
417300 25
417301 32
41800 44
41801 34
418300 72
418301 8
41900 81
41901 6
419300 79
419301 9
411000 83
411001 16
4110300 99
4110301 9
411100 99
411101 12
4111300 99
4111301 12
421200 3
421201 93
4212300 1
4212301 97
42100 1
42101 95
421300 9
421301 92
42200 1
42201 98
422300 9
422301 84
42300 5
42301 78
423300 7
423301 78
42400 6
42401 74
424300 1
424301 71
42500 11
42501 55
425300 5
425301 47
42600 1
42601 50
426300 19
426301 48
42700 18
42701 35
427300 33
427301 28
42800 33
42801 24
428300 71
428301 17
42900 63
42901 9
429300 67
429301 2
421000 99
421001 15
4210300 99
4210301 7
421100 92
421101 12
4211300 99
4211301 12
431200 3
431201 99
4312300 6
4312301 99
43100 1
43101 99
431300 6
431301 91
43200 1
43201 87
432300 1
432301 99
43300 1
43301 88
433300 1
433301 84
43400 1
43401 64
434300 1
434301 69
43500 1
43501 59
435300 1
435301 52
43600 1
43601 50
436300 2
436301 49
43700 24
43701 34
437300 21
437301 36
43800 32
43801 31
438300 62
438301 11
43900 65
43901 7
439300 76
439301 12
431000 82
431001 16
4310300 91
4310301 1
431100 97
431101 7
4311300 96
4311301 1
441200 8
441201 92
4412300 1
4412301 96
44100 5
44101 98
441300 3
441301 89
44200 1
44201 97
442300 1
442301 92
44300 1
44301 90
443300 1
443301 77
44400 8
44401 73
444300 10
444301 68
44500 1
44501 65
445300 8
445301 51
44600 4
44601 51
446300 13
446301 56
44700 27
44701 33
447300 35
447301 39
44800 32
44801 28
448300 75
448301 6
44900 81
44901 2
449300 69
449301 3
441000 97
441001 12
4410300 99
4410301 1
441100 91
441101 3
4411300 99
4411301 6
451200 10
451201 99
4512300 3
4512301 92
45100 1
45101 99
451300 1
451301 89
45200 10
45201 93
452300 1
452301 88
45300 8
45301 86
453300 6
453301 75
45400 1
45401 67
454300 2
454301 60
45500 10
45501 69
455300 11
455301 52
45600 5
45601 46
456300 5
456301 57
45700 17
45701 44
457300 28
457301 25
45800 41
45801 28
458300 70
458301 9
45900 81
45901 1
459300 80
459301 6
451000 94
451001 15
4510300 99
4510301 12
451100 93
451101 4
4511300 90
4511301 12
461200 10
461201 96
4612300 10
4612301 89
46100 6
46101 99
461300 4
461301 99
46200 1
46201 96
462300 4
462301 95
46300 1
46301 84
463300 3
463301 85
46400 1
46401 72
464300 11
464301 59
46500 4
46501 56
465300 14
465301 52
46600 7
46601 58
466300 17
466301 58
46700 26
46701 42
467300 21
467301 23
46800 35
46801 26
468300 73
468301 5
46900 71
46901 6
469300 78
469301 10
461000 99
461001 6
4610300 86
4610301 11
461100 96
461101 12
4611300 89
4611301 5
471200 6
471201 99
4712300 9
4712301 96
47100 1
47101 98
471300 1
471301 97
47200 1
47201 90
472300 1
472301 98
47300 1
47301 79
473300 3
473301 76
47400 1
47401 78
474300 1
474301 69
47500 16
47501 68
475300 11
475301 53
47600 1
47601 57
476300 2
476301 58
47700 26
47701 42
477300 18
477301 40
47800 45
47801 21
478300 58
478301 11
47900 80
47901 20
479300 67
479301 6
471000 96
471001 10
4710300 99
4710301 1
471100 91
471101 12
4711300 99
4711301 1
511200 1
511201 99
5112300 2
5112301 99
51100 1
51101 99
511300 4
511301 92
51200 1
51201 99
512300 8
512301 83
51300 1
51301 86
513300 5
513301 91
51400 1
51401 74
514300 7
514301 55
51500 10
51501 67
515300 15
515301 51
51600 13
51601 54
516300 16
516301 46
51700 16
51701 45
517300 24
517301 39
51800 30
51801 19
518300 71
518301 8
51900 76
51901 6
519300 68
519301 12
511000 85
511001 1
5110300 88
5110301 5
511100 99
511101 1
5111300 99
5111301 9
521200 4
521201 99
5212300 1
5212301 98
52100 1
52101 99
521300 1
521301 99
52200 4
52201 90
522300 3
522301 99
52300 10
52301 82
523300 1
523301 77
52400 2
52401 66
524300 1
524301 71
52500 1
52501 64
525300 16
525301 59
52600 1
52601 47
526300 9
526301 51
52700 32
52701 47
527300 23
527301 24
52800 32
52801 31
528300 77
528301 5
52900 77
52901 14
529300 82
529301 17
521000 98
521001 4
5210300 90
5210301 13
521100 99
521101 6
5211300 95
5211301 10
531200 1
531201 98
5312300 7
5312301 95
53100 1
53101 99
531300 1
531301 99
53200 1
53201 92
532300 1
532301 92
53300 1
53301 94
533300 7
533301 89
53400 1
53401 70
534300 1
534301 53
53500 15
53501 58
535300 11
535301 45
53600 14
53601 43
536300 8
536301 43
53700 33
53701 45
537300 36
537301 27
53800 35
53801 22
538300 59
538301 18
53900 71
53901 9
539300 70
539301 5
531000 92
531001 7
5310300 88
5310301 5
531100 95
531101 1
5311300 99
5311301 1
541200 1
541201 99
5412300 10
5412301 96
54100 1
54101 99
541300 6
541301 92
54200 9
54201 89
542300 1
542301 82
54300 1
54301 91
543300 1
543301 86
54400 1
54401 67
544300 8
544301 60
54500 6
54501 67
545300 12
545301 52
54600 12
54601 46
546300 4
546301 40
54700 20
54701 36
547300 24
547301 26
54800 42
54801 18
548300 72
548301 15
54900 63
54901 2
549300 78
549301 3
541000 94
541001 1
5410300 87
5410301 6
541100 99
541101 1
5411300 99
5411301 9
551200 1
551201 90
5512300 10
5512301 90
55100 1
55101 96
551300 1
551301 99
55200 1
55201 89
552300 1
552301 91
55300 1
55301 77
553300 6
553301 83
55400 1
55401 67
554300 2
554301 70
55500 3
55501 66
555300 18
555301 45
55600 6
55601 54
556300 14
556301 40
55700 27
55701 49
557300 26
557301 39
55800 35
55801 34
558300 66
558301 16
55900 64
55901 6
559300 79
559301 13
551000 85
551001 1
5510300 86
5510301 7
551100 97
551101 1
5511300 93
5511301 12
561200 1
561201 99
5612300 1
5612301 95
56100 1
56101 89
561300 1
561301 99
56200 10
56201 84
562300 4
562301 85
56300 1
56301 91
563300 10
563301 82
56400 1
56401 68
564300 10
564301 71
56500 1
56501 67
565300 7
565301 52
56600 15
56601 55
566300 16
566301 55
56700 23
56701 44
567300 34
567301 24
56800 37
56801 35
568300 74
568301 20
56900 66
56901 19
569300 72
569301 17
561000 81
561001 10
5610300 99
5610301 1
561100 96
561101 5
5611300 95
5611301 5
571200 7
571201 98
5712300 8
5712301 99
57100 1
57101 97
571300 10
571301 90
57200 1
57201 99
572300 1
572301 82
57300 3
57301 83
573300 6
573301 74
57400 1
57401 72
574300 1
574301 53
57500 11
57501 55
575300 1
575301 46
57600 17
57601 57
576300 20
576301 56
57700 35
57701 43
577300 18
577301 36
57800 39
57801 20
578300 63
578301 10
57900 82
57901 16
579300 76
579301 2
571000 83
571001 1
5710300 99
5710301 1
571100 97
571101 13
5711300 93
5711301 5
611200 1
611201 99
6112300 4
6112301 93
61100 1
61101 99
611300 10
611301 93
61200 4
61201 99
612300 10
612301 89
61300 1
61301 91
613300 1
613301 91
61400 7
61401 65
614300 1
614301 64
61500 1
61501 56
615300 1
615301 47
61600 12
61601 59
616300 10
616301 57
61700 21
61701 44
617300 18
617301 23
61800 33
61801 26
618300 69
618301 4
61900 64
61901 7
619300 77
619301 3
611000 81
611001 8
6110300 89
6110301 1
611100 99
611101 6
6111300 99
6111301 6
621200 5
621201 98
6212300 3
6212301 99
62100 1
62101 99
621300 4
621301 94
62200 1
62201 86
622300 10
622301 99
62300 10
62301 96
623300 1
623301 79
62400 5
62401 65
624300 1
624301 56
62500 10
62501 53
625300 7
625301 51
62600 1
62601 53
626300 13
626301 42
62700 27
62701 39
627300 34
627301 37
62800 34
62801 34
628300 75
628301 17
62900 71
62901 6
629300 72
629301 15
621000 90
621001 12
6210300 97
6210301 8
621100 99
621101 3
6211300 90
6211301 1
631200 1
631201 99
6312300 1
6312301 93
63100 7
63101 91
631300 2
631301 99
63200 5
63201 99
632300 1
632301 86
63300 1
63301 88
633300 8
633301 93
63400 7
63401 81
634300 4
634301 67
63500 13
63501 68
635300 16
635301 48
63600 8
63601 60
636300 21
636301 56
63700 35
63701 47
637300 28
637301 25
63800 44
63801 24
638300 71
638301 6
63900 70
63901 5
639300 73
639301 9
631000 97
631001 1
6310300 90
6310301 13
631100 99
631101 1
6311300 92
6311301 1
641200 9
641201 93
6412300 9
6412301 91
64100 1
64101 89
641300 1
641301 99
64200 3
64201 98
642300 8
642301 94
64300 6
64301 90
643300 1
643301 81
64400 1
64401 68
644300 1
644301 65
64500 5
64501 59
645300 14
645301 56
64600 10
64601 41
646300 11
646301 43
64700 23
64701 40
647300 17
647301 37
64800 30
64801 34
648300 65
648301 7
64900 67
64901 3
649300 79
649301 14
641000 91
641001 11
6410300 86
6410301 3
641100 99
641101 13
6411300 90
6411301 3
651200 1
651201 95
6512300 1
6512301 92
65100 7
65101 92
651300 1
651301 96
65200 2
65201 84
652300 1
652301 87
65300 1
65301 87
653300 1
653301 88
65400 1
65401 72
654300 2
654301 54
65500 4
65501 68
655300 12
655301 51
65600 16
65601 49
656300 13
656301 52
65700 20
65701 33
657300 24
657301 41
65800 30
65801 31
658300 72
658301 11
65900 71
65901 6
659300 77
659301 13
651000 99
651001 3
6510300 97
6510301 13
651100 92
651101 3
6511300 93
6511301 7
661200 1
661201 99
6612300 1
6612301 90
66100 1
66101 88
661300 1
661301 86
66200 1
66201 99
662300 1
662301 87
66300 1
66301 94
663300 7
663301 93
66400 5
66401 79
664300 8
664301 67
66500 10
66501 57
665300 2
665301 57
66600 6
66601 42
666300 17
666301 55
66700 31
66701 46
667300 28
667301 39
66800 38
66801 29
668300 74
668301 21
66900 73
66901 2
669300 68
669301 11
661000 94
661001 9
6610300 99
6610301 14
661100 99
661101 11
6611300 99
6611301 2
671200 1
671201 91
6712300 2
6712301 99
67100 1
67101 97
671300 1
671301 97
67200 7
67201 88
672300 5
672301 91
67300 1
67301 85
673300 1
673301 75
67400 5
67401 78
674300 1
674301 61
67500 2
67501 57
675300 9
675301 61
67600 4
67601 52
676300 3
676301 45
67700 26
67701 44
677300 24
677301 41
67800 34
67801 21
678300 71
678301 19
67900 81
67901 16
679300 67
679301 9
671000 86
671001 10
6710300 99
6710301 10
671100 99
671101 1
6711300 92
6711301 1
711200 7
711201 91
7112300 4
7112301 99
71100 5
71101 93
711300 2
711301 99
71200 7
71201 98
712300 1
712301 83
71300 1
71301 88
713300 1
713301 79
71400 1
71401 74
714300 11
714301 57
71500 1
71501 52
715300 15
715301 49
71600 1
71601 44
716300 9
716301 51
71700 16
71701 41
717300 21
717301 37
71800 41
71801 23
718300 66
718301 19
71900 77
71901 8
719300 74
719301 12
711000 90
711001 1
7110300 93
7110301 12
711100 99
711101 12
7111300 99
7111301 1
721200 1
721201 91
7212300 6
7212301 99
72100 1
72101 99
721300 1
721301 86
72200 1
72201 97
722300 9
722301 99
72300 10
72301 89
723300 1
723301 74
72400 1
72401 69
724300 4
724301 61
72500 4
72501 56
725300 12
725301 51
72600 16
72601 53
726300 15
726301 43
72700 34
72701 50
727300 36
727301 39
72800 31
72801 33
728300 65
728301 16
72900 75
72901 5
729300 76
729301 1
721000 90
721001 4
7210300 88
7210301 14
721100 99
721101 7
7211300 97
7211301 1
731200 1
731201 99
7312300 1
7312301 99
73100 1
73101 99
731300 10
731301 99
73200 1
73201 91
732300 1
732301 87
73300 6
73301 89
733300 1
733301 82
73400 1
73401 63
734300 1
734301 72
73500 16
73501 60
735300 10
735301 48
73600 18
73601 60
736300 11
736301 45
73700 19
73701 43
737300 28
737301 24
73800 32
73801 20
738300 71
738301 15
73900 70
73901 8
739300 85
739301 16
731000 86
731001 3
7310300 99
7310301 2
731100 99
731101 4
7311300 99
7311301 3
741200 1
741201 99
7412300 1
7412301 90
74100 1
74101 99
741300 10
741301 90
74200 1
74201 90
742300 1
742301 83
74300 4
74301 96
743300 6
743301 81
74400 1
74401 68
744300 10
744301 59
74500 8
74501 52
745300 7
745301 46
74600 17
74601 52
746300 9
746301 50
74700 28
74701 48
747300 17
747301 37
74800 44
74801 25
748300 59
748301 3
74900 76
74901 5
749300 75
749301 13
741000 82
741001 13
7410300 92
7410301 14
741100 99
741101 3
7411300 95
7411301 1
751200 4
751201 99
7512300 6
7512301 97
75100 3
75101 96
751300 1
751301 99
75200 5
75201 89
752300 1
752301 82
75300 5
75301 92
753300 1
753301 90
75400 1
75401 70
754300 1
754301 63
75500 9
75501 51
755300 9
755301 60
75600 2
75601 53
756300 2
756301 50
75700 34
75701 40
757300 22
757301 34
75800 43
75801 35
758300 73
758301 21
75900 72
75901 9
759300 80
759301 1
751000 85
751001 1
7510300 93
7510301 6
751100 99
751101 13
7511300 90
7511301 6
761200 1
761201 91
7612300 1
7612301 99
76100 1
76101 99
761300 1
761301 99
76200 8
76201 99
762300 1
762301 88
76300 1
76301 79
763300 1
763301 76
76400 3
76401 65
764300 4
764301 55
76500 4
76501 55
765300 16
765301 59
76600 6
76601 54
766300 11
766301 52
76700 16
76701 42
767300 18
767301 24
76800 45
76801 27
768300 70
768301 13
76900 81
76901 2
769300 66
769301 2
761000 93
761001 11
7610300 86
7610301 6
761100 99
761101 1
7611300 95
7611301 1
771200 1
771201 94
7712300 1
7712301 89
77100 1
77101 87
771300 1
771301 99
77200 1
77201 93
772300 1
772301 99
77300 1
77301 85
773300 1
773301 78
77400 1
77401 70
774300 5
774301 56
77500 2
77501 65
775300 4
775301 44
77600 1
77601 50
776300 11
776301 53
77700 21
77701 46
777300 29
777301 42
77800 30
77801 29
778300 58
778301 7
77900 71
77901 15
779300 83
779301 16
771000 82
771001 7
7710300 91
7710301 14
771100 94
771101 1
7711300 99
7711301 12
811200 1
811201 93
8112300 7
8112301 99
81100 1
81101 96
811300 3
811301 99
81200 1
81201 94
812300 1
812301 94
81300 1
81301 80
813300 1
813301 82
81400 1
81401 68
814300 1
814301 71
81500 3
81501 51
815300 2
815301 48
81600 1
81601 45
816300 5
816301 51
81700 24
81701 35
817300 35
817301 32
81800 35
81801 33
818300 61
818301 5
81900 80
81901 16
819300 77
819301 11
811000 93
811001 1
8110300 92
8110301 3
811100 90
811101 1
8111300 97
8111301 8
821200 6
821201 94
8212300 5
8212301 99
82100 1
82101 99
821300 8
821301 99
82200 1
82201 99
822300 1
822301 84
82300 5
82301 89
823300 1
823301 90
82400 1
82401 78
824300 1
824301 60
82500 10
82501 65
825300 16
825301 61
82600 9
82601 45
826300 12
826301 48
82700 27
82701 41
827300 17
827301 35
82800 37
82801 27
828300 74
828301 6
82900 71
82901 10
829300 75
829301 10
821000 85
821001 6
8210300 90
8210301 1
821100 99
821101 5
8211300 99
8211301 1
831200 3
831201 93
8312300 1
8312301 99
83100 6
83101 92
831300 1
831301 99
83200 1
83201 90
832300 1
832301 90
83300 1
83301 83
833300 6
833301 76
83400 1
83401 76
834300 1
834301 59
83500 8
83501 53
835300 18
835301 46
83600 2
83601 42
836300 3
836301 52
83700 29
83701 41
837300 19
837301 26
83800 29
83801 24
838300 63
838301 12
83900 68
83901 7
839300 66
839301 2
831000 81
831001 1
8310300 99
8310301 2
831100 99
831101 4
8311300 99
8311301 7
841200 7
841201 99
8412300 1
8412301 99
84100 1
84101 99
841300 1
841301 99
84200 4
84201 86
842300 1
842301 86
84300 5
84301 81
843300 3
843301 80
84400 1
84401 66
844300 1
844301 63
84500 1
84501 63
845300 16
845301 50
84600 1
84601 57
846300 7
846301 58
84700 23
84701 38
847300 18
847301 25
84800 40
84801 19
848300 69
848301 10
84900 76
84901 9
849300 77
849301 16
841000 90
841001 1
8410300 96
8410301 9
841100 99
841101 7
8411300 90
8411301 9
851200 1
851201 90
8512300 1
8512301 99
85100 9
85101 93
851300 1
851301 88
85200 1
85201 84
852300 10
852301 94
85300 1
85301 88
853300 1
853301 91
85400 8
85401 77
854300 1
854301 60
85500 1
85501 63
855300 18
855301 50
85600 8
85601 44
856300 15
856301 49
85700 24
85701 44
857300 23
857301 23
85800 45
85801 34
858300 72
858301 15
85900 79
85901 6
859300 73
859301 13
851000 86
851001 6
8510300 88
8510301 1
851100 99
851101 7
8511300 90
8511301 5
861200 6
861201 99
8612300 1
8612301 89
86100 1
86101 93
861300 2
861301 99
86200 1
86201 86
862300 7
862301 86
86300 5
86301 86
863300 1
863301 77
86400 1
86401 79
864300 2
864301 66
86500 15
86501 63
865300 10
865301 48
86600 1
86601 55
866300 17
866301 51
86700 24
86701 48
867300 17
867301 24
86800 43
86801 17
868300 74
868301 19
86900 66
86901 14
869300 68
869301 9
861000 99
861001 1
8610300 95
8610301 7
861100 98
861101 12
8611300 92
8611301 6
871200 1
871201 99
8712300 1
8712301 99
87100 1
87101 95
871300 10
871301 99
87200 1
87201 90
872300 5
872301 96
87300 1
87301 93
873300 4
873301 80
87400 1
87401 64
874300 4
874301 67
87500 6
87501 65
875300 2
875301 56
87600 14
87601 59
876300 14
876301 44
87700 22
87701 36
877300 18
877301 41
87800 46
87801 19
878300 75
878301 12
87900 71
87901 19
879300 81
879301 1
871000 91
871001 1
8710300 90
8710301 8
871100 93
871101 1
8711300 99
8711301 3
911200 1
911201 99
9112300 1
9112301 92
91100 5
91101 93
911300 1
911301 93
91200 7
91201 85
912300 1
912301 89
91300 1
91301 88
913300 7
913301 74
91400 4
91401 65
914300 1
914301 64
91500 15
91501 64
915300 3
915301 55
91600 7
91601 45
916300 19
916301 47
91700 27
91701 48
917300 32
917301 30
91800 31
91801 18
918300 62
918301 9
91900 70
91901 12
919300 74
919301 12
911000 99
911001 2
9110300 87
9110301 14
911100 99
911101 11
9111300 95
9111301 1
921200 1
921201 97
9212300 1
9212301 99
92100 1
92101 94
921300 1
921301 91
92200 1
92201 85
922300 1
922301 89
92300 5
92301 91
923300 2
923301 90
92400 1
92401 77
924300 1
924301 70
92500 12
92501 59
925300 17
925301 60
92600 1
92601 44
926300 18
926301 47
92700 16
92701 40
927300 21
927301 40
92800 36
92801 34
928300 59
928301 8
92900 77
92901 13
929300 69
929301 13
921000 96
921001 1
9210300 95
9210301 5
921100 97
921101 1
9211300 95
9211301 1
931200 10
931201 95
9312300 1
9312301 91
93100 6
93101 92
931300 2
931301 99
93200 1
93201 88
932300 1
932301 85
93300 1
93301 90
933300 5
933301 74
93400 1
93401 66
934300 1
934301 64
93500 13
93501 67
935300 9
935301 62
93600 7
93601 47
936300 13
936301 42
93700 32
93701 46
937300 35
937301 42
93800 31
93801 18
938300 71
938301 10
93900 75
93901 1
939300 79
939301 5
931000 90
931001 6
9310300 99
9310301 1
931100 97
931101 1
9311300 99
9311301 6
941200 8
941201 92
9412300 1
9412301 90
94100 3
94101 93
941300 1
941301 91
94200 1
94201 86
942300 2
942301 93
94300 7
94301 80
943300 2
943301 81
94400 1
94401 81
944300 3
944301 67
94500 1
94501 50
945300 10
945301 63
94600 10
94601 52
946300 17
946301 49
94700 20
94701 40
947300 21
947301 37
94800 35
94801 22
948300 63
948301 20
94900 73
94901 3
949300 84
949301 1
941000 93
941001 1
9410300 89
9410301 10
941100 99
941101 10
9411300 97
9411301 10
951200 1
951201 99
9512300 1
9512301 99
95100 9
95101 92
951300 10
951301 93
95200 1
95201 99
952300 1
952301 86
95300 1
95301 83
953300 1
953301 90
95400 1
95401 67
954300 9
954301 54
95500 1
95501 53
955300 16
955301 60
95600 14
95601 58
956300 8
956301 42
95700 16
95701 46
957300 31
957301 24
95800 42
95801 27
958300 59
958301 18
95900 64
95901 12
959300 74
959301 7
951000 97
951001 1
9510300 96
9510301 11
951100 92
951101 1
9511300 96
9511301 1
961200 9
961201 99
9612300 1
9612301 95
96100 6
96101 99
961300 1
961301 93
96200 1
96201 88
962300 1
962301 94
96300 9
96301 79
963300 1
963301 88
96400 10
96401 75
964300 1
964301 56
96500 1
96501 64
965300 11
965301 49
96600 18
96601 47
966300 3
966301 54
96700 19
96701 47
967300 19
967301 28
96800 38
96801 30
968300 74
968301 11
96900 74
96901 13
969300 79
969301 4
961000 81
961001 1
9610300 88
9610301 5
961100 99
961101 1
9611300 99
9611301 5
971200 5
971201 99
9712300 6
9712301 99
97100 9
97101 99
971300 10
971301 99
97200 1
97201 90
972300 1
972301 92
97300 1
97301 82
973300 1
973301 81
97400 1
97401 73
974300 11
974301 68
97500 14
97501 51
975300 1
975301 56
97600 1
97601 43
976300 13
976301 43
97700 33
97701 33
977300 18
977301 33
97800 32
97801 20
978300 76
978301 10
97900 74
97901 19
979300 70
979301 11
971000 94
971001 14
9710300 90
9710301 6
971100 95
971101 2
9711300 96
9711301 6
1011200 3
1011201 98
10112300 10
10112301 99
101100 4
101101 99
1011300 1
1011301 94
101200 1
101201 83
1012300 1
1012301 91
101300 10
101301 93
1013300 2
1013301 83
101400 1
101401 64
1014300 2
1014301 68
101500 1
101501 52
1015300 7
1015301 56
101600 18
101601 60
1016300 15
1016301 57
101700 30
101701 47
1017300 21
1017301 31
101800 37
101801 28
1018300 71
1018301 8
101900 78
101901 19
1019300 73
1019301 6
1011000 93
1011001 1
10110300 88
10110301 7
1011100 99
1011101 6
10111300 99
10111301 5
1021200 1
1021201 99
10212300 3
10212301 91
102100 1
102101 98
1021300 1
1021301 93
102200 7
102201 86
1022300 1
1022301 84
102300 6
102301 89
1023300 1
1023301 86
102400 1
102401 75
1024300 1
1024301 68
102500 1
102501 56
1025300 2
1025301 61
102600 1
102601 49
1026300 6
1026301 56
102700 16
102701 35
1027300 25
1027301 36
102800 38
102801 23
1028300 59
1028301 11
102900 68
102901 13
1029300 71
1029301 16
1021000 98
1021001 4
10210300 99
10210301 9
1021100 99
1021101 1
10211300 95
10211301 10
1031200 1
1031201 99
10312300 2
10312301 99
103100 1
103101 99
1031300 1
1031301 99
103200 1
103201 99
1032300 7
1032301 81
103300 5
103301 80
1033300 1
1033301 76
103400 1
103401 68
1034300 10
1034301 58
103500 1
103501 51
1035300 2
1035301 63
103600 1
103601 58
1036300 13
1036301 58
103700 34
103701 46
1037300 31
1037301 34
103800 48
103801 28
1038300 58
1038301 21
103900 74
103901 17
1039300 68
1039301 9
1031000 99
1031001 10
10310300 99
10310301 14
1031100 91
1031101 13
10311300 90
10311301 2
1041200 2
1041201 99
10412300 1
10412301 99
104100 5
104101 92
1041300 1
1041301 99
104200 5
104201 93
1042300 4
1042301 81
104300 3
104301 96
1043300 1
1043301 83
104400 1
104401 79
1044300 1
1044301 65
104500 2
104501 69
1045300 2
1045301 54
104600 13
104601 51
1046300 12
1046301 46
104700 24
104701 31
1047300 25
1047301 40
104800 34
104801 36
1048300 73
1048301 11
104900 70
104901 8
1049300 78
1049301 5
1041000 85
1041001 5
10410300 91
10410301 1
1041100 99
1041101 1
10411300 91
10411301 1
1051200 1
1051201 99
10512300 4
10512301 99
105100 1
105101 99
1051300 2
1051301 97
105200 1
105201 91
1052300 1
1052301 99
105300 4
105301 85
1053300 1
1053301 75
105400 1
105401 65
1054300 3
1054301 57
105500 1
105501 50
1055300 16
1055301 54
105600 9
105601 41
1056300 16
1056301 51
105700 20
105701 31
1057300 36
1057301 28
105800 42
105801 35
1058300 66
1058301 20
105900 76
105901 20
1059300 73
1059301 13
1051000 99
1051001 1
10510300 86
10510301 1
1051100 99
1051101 3
10511300 93
10511301 11
1061200 1
1061201 99
10612300 7
10612301 98
106100 1
106101 93
1061300 1
1061301 92
106200 1
106201 88
1062300 2
1062301 98
106300 1
106301 86
1063300 6
1063301 85
106400 4
106401 66
1064300 1
1064301 70
106500 1
106501 50
1065300 13
1065301 45
106600 11
106601 51
1066300 20
1066301 42
106700 18
106701 39
1067300 19
1067301 33
106800 45
106801 26
1068300 69
1068301 13
106900 77
106901 20
1069300 69
1069301 14
1061000 89
1061001 15
10610300 99
10610301 8
1061100 97
1061101 3
10611300 98
10611301 3
1071200 1
1071201 89
10712300 1
10712301 99
107100 1
107101 99
1071300 1
1071301 99
107200 1
107201 92
1072300 1
1072301 93
107300 1
107301 94
1073300 2
1073301 75
107400 8
107401 75
1074300 1
1074301 55
107500 16
107501 66
1075300 15
1075301 53
107600 7
107601 44
1076300 5
1076301 40
107700 26
107701 50
1077300 29
1077301 25
107800 39
107801 21
1078300 74
1078301 17
107900 80
107901 20
1079300 71
1079301 2
1071000 82
1071001 1
10710300 99
10710301 12
1071100 99
1071101 1
10711300 99
10711301 1
1111200 1
1111201 99
11112300 2
11112301 99
111100 10
111101 99
1111300 1
1111301 92
111200 1
111201 94
1112300 6
1112301 86
111300 1
111301 94
1113300 1
1113301 80
111400 1
111401 68
1114300 4
1114301 66
111500 10
111501 57
1115300 1
1115301 61
111600 2
111601 57
1116300 15
1116301 43
111700 17
111701 49
1117300 29
1117301 40
111800 37
111801 18
1118300 63
1118301 4
111900 81
111901 3
1119300 69
1119301 11
1111000 99
1111001 4
11110300 98
11110301 14
1111100 97
1111101 1
11111300 95
11111301 4
1121200 10
1121201 99
11212300 1
11212301 99
112100 7
112101 99
1121300 1
1121301 95
112200 1
112201 95
1122300 2
1122301 99
112300 7
112301 79
1123300 5
1123301 88
112400 8
112401 72
1124300 7
1124301 65
112500 4
112501 59
1125300 4
1125301 63
112600 1
112601 41
1126300 7
1126301 49
112700 29
112701 47
1127300 32
1127301 25
112800 41
112801 36
1128300 59
1128301 6
112900 68
112901 19
1129300 76
1129301 5
1121000 86
1121001 1
11210300 95
11210301 1
1121100 99
1121101 1
11211300 99
11211301 1
1131200 1
1131201 96
11312300 1
11312301 96
113100 3
113101 87
1131300 1
1131301 99
113200 1
113201 92
1132300 1
1132301 94
113300 9
113301 84
1133300 6
1133301 77
113400 10
113401 74
1134300 1
1134301 70
113500 1
113501 66
1135300 10
1135301 58
113600 14
113601 50
1136300 17
1136301 41
113700 27
113701 50
1137300 27
1137301 33
113800 37
113801 29
1138300 67
1138301 14
113900 65
113901 6
1139300 71
1139301 1
1131000 91
1131001 2
11310300 89
11310301 1
1131100 93
1131101 9
11311300 99
11311301 1
1141200 1
1141201 99
11412300 7
11412301 91
114100 7
114101 92
1141300 1
1141301 99
114200 1
114201 87
1142300 2
1142301 86
114300 1
114301 81
1143300 2
1143301 84
114400 9
114401 74
1144300 1
1144301 58
114500 6
114501 53
1145300 2
1145301 63
114600 15
114601 47
1146300 8
1146301 48
114700 27
114701 47
1147300 33
1147301 26
114800 32
114801 30
1148300 70
1148301 6
114900 71
114901 7
1149300 72
1149301 2
1141000 87
1141001 1
11410300 97
11410301 7
1141100 99
1141101 4
11411300 99
11411301 10
1151200 7
1151201 89
11512300 1
11512301 94
115100 9
115101 99
1151300 1
1151301 97
115200 7
115201 88
1152300 1
1152301 83
115300 3
115301 77
1153300 1
1153301 83
115400 1
115401 62
1154300 7
1154301 71
115500 1
115501 54
1155300 18
1155301 49
115600 12
115601 51
1156300 20
1156301 54
115700 23
115701 34
1157300 24
1157301 32
115800 42
115801 29
1158300 67
1158301 15
115900 70
115901 17
1159300 69
1159301 1
1151000 82
1151001 8
11510300 88
11510301 1
1151100 99
1151101 3
11511300 99
11511301 1
1161200 1
1161201 93
11612300 3
11612301 97
116100 1
116101 99
1161300 10
1161301 91
116200 4
116201 84
1162300 2
1162301 94
116300 1
116301 91
1163300 1
1163301 91
116400 10
116401 74
1164300 4
1164301 53
116500 16
116501 69
1165300 11
1165301 61
116600 3
116601 48
1166300 13
1166301 43
116700 25
116701 49
1167300 30
1167301 32
116800 41
116801 26
1168300 60
1168301 14
116900 69
116901 18
1169300 69
1169301 8
1161000 86
1161001 1
11610300 87
11610301 1
1161100 93
1161101 1
11611300 99
11611301 7
1171200 1
1171201 90
11712300 5
11712301 99
117100 1
117101 96
1171300 3
1171301 86
117200 6
117201 98
1172300 8
1172301 85
117300 9
117301 84
1173300 6
1173301 79
117400 8
117401 70
1174300 1
1174301 65
117500 1
117501 53
1175300 9
1175301 45
117600 5
117601 58
1176300 3
1176301 45
117700 17
117701 33
1177300 18
1177301 42
117800 45
117801 30
1178300 63
1178301 16
117900 81
117901 17
1179300 66
1179301 8
1171000 85
1171001 6
11710300 89
11710301 2
1171100 99
1171101 5
11711300 99
11711301 1
