011200 1
011201 99
0112300 1
0112301 99
01100 10
01101 99
011300 10
011301 89
01200 1
01201 99
012300 2
012301 86
01300 5
01301 80
013300 1
013301 92
01400 1
01401 68
014300 1
014301 62
01500 1
01501 69
015300 5
015301 57
01600 15
01601 48
016300 8
016301 41
01700 25
01701 50
017300 21
017301 25
01800 41
01801 27
018300 71
018301 6
01900 75
01901 15
019300 79
019301 1
011000 84
011001 3
0110300 92
0110301 1
011100 93
011101 1
0111300 94
0111301 5
021200 1
021201 99
0212300 7
0212301 95
02100 8
02101 96
021300 2
021301 97
02200 1
02201 95
022300 3
022301 84
02300 1
02301 90
023300 7
023301 77
02400 5
02401 69
024300 11
024301 66
02500 8
02501 63
025300 14
025301 56
02600 11
02601 56
026300 8
026301 39
02700 34
02701 45
027300 23
027301 33
02800 38
02801 24
028300 58
028301 18
02900 73
02901 11
029300 85
029301 17
021000 92
021001 6
0210300 99
0210301 13
021100 93
021101 10
0211300 99
0211301 1
031200 1
031201 99
0312300 1
0312301 92
03100 1
03101 97
031300 1
031301 93
03200 1
03201 83
032300 1
032301 98
03300 1
03301 94
033300 1
033301 88
03400 2
03401 65
034300 7
034301 61
03500 1
03501 69
035300 18
035301 46
03600 17
03601 46
036300 13
036301 53
03700 18
03701 41
037300 19
037301 23
03800 35
03801 33
038300 72
038301 13
03900 80
03901 14
039300 69
039301 6
031000 99
031001 1
0310300 89
0310301 1
031100 99
031101 3
0311300 99
0311301 6
041200 5
041201 99
0412300 1
0412301 92
04100 6
04101 99
041300 4
041301 93
04200 1
04201 99
042300 1
042301 95
04300 8
04301 81
043300 3
043301 93
04400 1
04401 69
044300 7
044301 70
04500 14
04501 69
045300 7
045301 45
04600 14
04601 46
046300 21
046301 52
04700 23
04701 37
047300 30
047301 31
04800 37
04801 26
048300 74
048301 18
04900 80
04901 10
049300 83
049301 13
041000 95
041001 16
0410300 88
0410301 1
041100 95
041101 1
0411300 99
0411301 1
051200 1
051201 93
0512300 1
0512301 98
05100 8
05101 99
051300 1
051301 99
05200 10
05201 84
052300 1
052301 97
05300 2
05301 87
053300 1
053301 76
05400 6
05401 68
054300 1
054301 56
05500 7
05501 55
055300 1
055301 63
05600 3
05601 53
056300 16
056301 40
05700 31
05701 42
057300 36
057301 31
05800 29
05801 22
058300 62
058301 11
05900 63
05901 16
059300 78
059301 5
051000 91
051001 15
0510300 98
0510301 1
051100 99
051101 5
0511300 99
0511301 4
061200 2
061201 90
0612300 9
0612301 99
06100 1
06101 99
061300 3
061301 87
06200 6
06201 91
062300 1
062301 84
06300 1
06301 92
063300 4
063301 89
06400 1
06401 79
064300 1
064301 70
06500 2
06501 55
065300 14
065301 45
06600 8
06601 51
066300 13
066301 52
06700 16
06701 32
067300 31
067301 29
06800 31
06801 36
068300 70
068301 16
06900 72
06901 11
069300 80
069301 12
061000 83
061001 1
0610300 99
0610301 5
061100 99
061101 1
0611300 99
0611301 3
071200 5
071201 99
0712300 1
0712301 91
07100 1
07101 92
071300 6
071301 94
07200 8
07201 99
072300 1
072301 83
07300 1
07301 79
073300 9
073301 79
07400 1
07401 64
074300 1
074301 59
07500 2
07501 51
075300 1
075301 51
07600 5
07601 59
076300 12
076301 46
07700 24
07701 36
077300 20
077301 28
07800 43
07801 18
078300 71
078301 7
07900 63
07901 19
079300 77
079301 15
071000 91
071001 12
0710300 90
0710301 13
071100 99
071101 3
0711300 99
0711301 11
111200 1
111201 99
1112300 7
1112301 99
11100 4
11101 95
111300 1
111301 99
11200 5
11201 94
112300 1
112301 88
11300 1
11301 88
113300 8
113301 76
11400 7
11401 64
114300 5
114301 69
11500 14
11501 65
115300 10
115301 44
11600 4
11601 47
116300 7
116301 41
11700 30
11701 36
117300 34
117301 33
11800 42
11801 24
118300 70
118301 9
11900 82
11901 15
119300 67
119301 9
111000 99
111001 11
1110300 95
1110301 1
111100 96
111101 12
1111300 99
1111301 1
121200 9
121201 93
1212300 6
1212301 99
12100 1
12101 99
121300 1
121301 99
12200 9
12201 97
122300 8
122301 92
12300 1
12301 88
123300 8
123301 78
12400 1
12401 75
124300 6
124301 62
12500 4
12501 65
125300 17
125301 61
12600 2
12601 54
126300 11
126301 42
12700 33
12701 39
127300 21
127301 39
12800 36
12801 34
128300 63
128301 15
12900 75
12901 18
129300 80
129301 11
121000 95
121001 13
1210300 98
1210301 12
121100 99
121101 11
1211300 99
1211301 12
131200 1
131201 99
1312300 7
1312301 96
13100 1
13101 96
131300 1
131301 89
13200 7
13201 99
132300 2
132301 98
13300 1
13301 92
133300 1
133301 80
13400 1
13401 65
134300 1
134301 70
13500 13
13501 58
135300 5
135301 63
13600 5
13601 52
136300 6
136301 45
13700 26
13701 31
137300 25
137301 33
13800 42
13801 19
138300 74
138301 11
13900 79
13901 18
139300 77
139301 6
131000 83
131001 14
1310300 97
1310301 4
131100 89
131101 10
1311300 99
1311301 1
141200 1
141201 95
1412300 1
1412301 98
14100 8
14101 95
141300 1
141301 96
14200 6
14201 99
142300 1
142301 96
14300 1
14301 83
143300 4
143301 78
14400 4
14401 75
144300 10
144301 54
14500 12
14501 65
145300 9
145301 49
14600 4
14601 43
146300 7
146301 55
14700 25
14701 48
147300 32
147301 29
14800 46
14801 24
148300 65
148301 7
14900 82
14901 14
149300 68
149301 16
141000 96
141001 8
1410300 98
1410301 1
141100 99
141101 1
1411300 93
1411301 1
151200 1
151201 99
1512300 10
1512301 91
15100 1
15101 92
151300 8
151301 88
15200 1
15201 95
152300 1
152301 93
15300 3
15301 83
153300 2
153301 78
15400 1
15401 66
154300 7
154301 61
15500 16
15501 56
155300 8
155301 50
15600 1
15601 58
156300 9
156301 47
15700 19
15701 50
157300 33
157301 40
15800 42
15801 23
158300 69
158301 4
15900 74
15901 19
159300 82
159301 13
151000 93
151001 4
1510300 99
1510301 4
151100 97
151101 1
1511300 99
1511301 1
161200 1
161201 99
1612300 8
1612301 94
16100 6
16101 87
161300 1
161301 93
16200 1
16201 94
162300 8
162301 83
16300 6
16301 83
163300 9
163301 82
16400 1
16401 63
164300 3
164301 55
16500 1
16501 66
165300 9
165301 45
16600 16
16601 57
166300 18
166301 56
16700 16
16701 42
167300 25
167301 41
16800 43
16801 26
168300 71
168301 14
16900 79
16901 18
169300 69
169301 1
161000 96
161001 14
1610300 93
1610301 1
161100 99
161101 3
1611300 99
1611301 7
171200 10
171201 99
1712300 1
1712301 94
17100 1
17101 94
171300 1
171301 90
17200 1
17201 89
172300 1
172301 99
17300 10
17301 79
173300 8
173301 93
17400 9
17401 71
174300 1
174301 62
17500 5
17501 64
175300 10
175301 58
17600 9
17601 60
176300 2
176301 39
17700 16
17701 31
177300 19
177301 29
17800 32
17801 28
178300 76
178301 19
17900 70
17901 2
179300 75
179301 7
171000 93
171001 1
1710300 90
1710301 6
171100 99
171101 6
1711300 89
1711301 8
211200 1
211201 95
2112300 1
2112301 98
21100 1
21101 93
211300 1
211301 98
21200 1
21201 99
212300 1
212301 90
21300 4
21301 81
213300 1
213301 77
21400 5
21401 68
214300 11
214301 71
21500 14
21501 65
215300 14
215301 50
21600 11
21601 42
216300 10
216301 43
21700 24
21701 38
217300 30
217301 23
21800 37
21801 27
218300 61
218301 5
21900 73
21901 7
219300 75
219301 5
211000 96
211001 1
2110300 97
2110301 2
211100 91
211101 5
2111300 92
2111301 11
221200 1
221201 99
2212300 1
2212301 99
22100 1
22101 99
221300 1
221301 94
22200 9
22201 99
222300 7
222301 82
22300 6
22301 93
223300 5
223301 74
22400 1
22401 64
224300 2
224301 65
22500 14
22501 59
225300 17
225301 52
22600 1
22601 52
226300 2
226301 54
22700 26
22701 47
227300 24
227301 26
22800 30
22801 18
228300 69
228301 14
22900 63
22901 9
229300 78
229301 13
221000 89
221001 7
2210300 97
2210301 8
221100 99
221101 10
2211300 89
2211301 1
231200 5
231201 99
2312300 1
2312301 99
23100 1
23101 99
231300 1
231301 97
23200 1
23201 84
232300 8
232301 99
23300 6
23301 77
233300 1
233301 76
23400 1
23401 63
234300 8
234301 61
23500 8
23501 61
235300 18
235301 55
23600 16
23601 57
236300 2
236301 57
23700 30
23701 44
237300 33
237301 34
23800 43
23801 34
238300 63
238301 9
23900 82
23901 11
239300 82
239301 11
231000 85
231001 16
2310300 89
2310301 4
231100 99
231101 1
2311300 92
2311301 1
241200 1
241201 99
2412300 6
2412301 99
24100 8
24101 98
241300 4
241301 98
24200 1
24201 99
242300 1
242301 81
24300 1
24301 89
243300 3
243301 80
24400 1
24401 69
244300 1
244301 53
24500 12
24501 67
245300 8
245301 50
24600 3
24601 51
246300 14
246301 47
24700 34
24701 39
247300 17
247301 40
24800 32
24801 26
248300 68
248301 4
24900 63
24901 19
249300 77
249301 9
241000 94
241001 12
2410300 91
2410301 1
241100 95
241101 1
2411300 96
2411301 1
251200 1
251201 99
2512300 1
2512301 94
25100 1
25101 99
251300 1
251301 88
25200 1
25201 86
252300 6
252301 87
25300 1
25301 87
253300 10
253301 89
25400 1
25401 75
254300 1
254301 56
25500 1
25501 65
255300 9
255301 52
25600 7
25601 45
256300 15
256301 41
25700 16
25701 38
257300 20
257301 40
25800 37
25801 17
258300 66
258301 16
25900 66
25901 1
259300 66
259301 1
251000 92
251001 5
2510300 99
2510301 4
251100 89
251101 4
2511300 99
2511301 3
261200 1
261201 97
2612300 10
2612301 98
26100 4
26101 98
261300 9
261301 91
26200 2
26201 98
262300 1
262301 86
26300 1
26301 86
263300 1
263301 80
26400 1
26401 63
264300 2
264301 72
26500 1
26501 64
265300 6
265301 52
26600 18
26601 56
266300 17
266301 58
26700 18
26701 50
267300 23
267301 24
26800 40
26801 23
268300 70
268301 7
26900 70
26901 15
269300 72
269301 11
261000 89
261001 10
2610300 97
2610301 13
261100 90
261101 6
2611300 96
2611301 1
271200 1
271201 92
2712300 1
2712301 99
27100 3
27101 99
271300 1
271301 88
27200 9
27201 91
272300 7
272301 84
27300 1
27301 80
273300 1
273301 92
27400 2
27401 66
274300 3
274301 54
27500 16
27501 63
275300 18
275301 55
27600 8
27601 45
276300 18
276301 44
27700 34
27701 35
277300 36
277301 35
27800 38
27801 36
278300 68
278301 4
27900 76
27901 11
279300 72
279301 16
271000 96
271001 1
2710300 97
2710301 3
271100 94
271101 3
2711300 90
2711301 1
311200 1
311201 96
3112300 8
3112301 99
31100 1
31101 91
311300 1
311301 92
31200 8
31201 89
312300 4
312301 99
31300 2
31301 85
313300 1
313301 91
31400 9
31401 63
314300 4
314301 66
31500 10
31501 60
315300 10
315301 62
31600 18
31601 56
316300 8
316301 47
31700 21
31701 34
317300 27
317301 39
31800 43
31801 18
318300 77
318301 12
31900 75
31901 10
319300 68
319301 6
311000 89
311001 5
3110300 97
3110301 1
311100 99
311101 1
3111300 90
3111301 1
321200 4
321201 92
3212300 8
3212301 92
32100 2
32101 89
321300 6
321301 99
32200 2
32201 98
322300 1
322301 83
32300 1
32301 87
323300 1
323301 79
32400 9
32401 68
324300 1
324301 63
32500 1
32501 65
325300 8
325301 45
32600 3
32601 50
326300 19
326301 52
32700 27
32701 46
327300 18
327301 38
32800 39
32801 21
328300 64
328301 3
32900 68
32901 9
329300 68
329301 1
321000 85
321001 10
3210300 99
3210301 13
321100 95
321101 1
3211300 99
3211301 10
331200 2
331201 99
3312300 1
3312301 97
33100 1
33101 90
331300 1
331301 99
33200 6
33201 99
332300 8
332301 98
33300 6
33301 81
333300 1
333301 81
33400 6
33401 80
334300 11
334301 59
33500 8
33501 62
335300 12
335301 47
33600 1
33601 54
336300 12
336301 54
33700 30
33701 48
337300 30
337301 26
33800 30
33801 36
338300 73
338301 19
33900 75
33901 1
339300 78
339301 8
331000 92
331001 1
3310300 89
3310301 5
331100 99
331101 8
3311300 90
3311301 5
341200 1
341201 97
3412300 5
3412301 90
34100 7
34101 99
341300 1
341301 98
34200 4
34201 97
342300 1
342301 99
34300 1
34301 88
343300 1
343301 90
34400 1
34401 70
344300 1
344301 59
34500 15
34501 61
345300 2
345301 61
34600 5
34601 48
346300 18
346301 47
34700 31
34701 41
347300 27
347301 25
34800 39
34801 31
348300 62
348301 10
34900 75
34901 9
349300 84
349301 3
341000 86
341001 10
3410300 90
3410301 8
341100 94
341101 1
3411300 99
3411301 1
351200 1
351201 99
3512300 2
3512301 98
35100 5
35101 87
351300 10
351301 91
35200 1
35201 84
352300 1
352301 82
35300 1
35301 81
353300 2
353301 83
35400 1
35401 74
354300 7
354301 58
35500 17
35501 65
355300 1
355301 44
35600 11
35601 58
356300 16
356301 42
35700 34
35701 48
357300 25
357301 35
35800 43
35801 29
358300 72
358301 6
35900 73
35901 15
359300 71
359301 1
351000 99
351001 13
3510300 88
3510301 14
351100 97
351101 12
3511300 99
3511301 2
361200 1
361201 93
3612300 8
3612301 99
36100 3
36101 87
361300 3
361301 99
36200 6
36201 88
362300 8
362301 99
36300 5
36301 90
363300 5
363301 90
36400 10
36401 70
364300 4
364301 71
36500 10
36501 68
365300 13
365301 50
36600 10
36601 41
366300 11
366301 50
36700 29
36701 41
367300 35
367301 25
36800 36
36801 35
368300 70
368301 7
36900 75
36901 11
369300 83
369301 15
361000 87
361001 1
3610300 99
3610301 1
361100 99
361101 3
3611300 99
3611301 6
371200 1
371201 99
3712300 1
3712301 99
37100 1
37101 91
371300 2
371301 93
37200 9
37201 94
372300 4
372301 87
37300 1
37301 96
373300 1
373301 84
37400 6
37401 79
374300 5
374301 66
37500 15
37501 60
375300 8
375301 44
37600 5
37601 51
376300 10
376301 56
37700 31
37701 35
377300 32
377301 35
37800 41
37801 34
378300 68
378301 3
37900 64
37901 8
379300 72
379301 1
371000 81
371001 1
3710300 99
3710301 4
371100 99
371101 7
3711300 96
3711301 1
411200 1
411201 89
4112300 6
4112301 91
41100 6
41101 99
411300 1
411301 91
41200 1
41201 94
412300 1
412301 83
41300 7
41301 81
413300 5
413301 86
41400 1
41401 67
414300 1
414301 68
41500 2
41501 54
415300 1
415301 46
41600 12
41601 48
416300 9
416301 51
41700 35
41701 39
417300 19
417301 31
41800 29
41801 29
418300 64
418301 15
41900 69
41901 13
419300 69
419301 1
411000 85
411001 4
4110300 95
4110301 3
411100 99
411101 9
4111300 99
4111301 1
421200 6
421201 90
4212300 1
4212301 99
42100 1
42101 98
421300 1
421301 99
42200 10
42201 86
422300 1
422301 85
42300 1
42301 78
423300 9
423301 87
42400 1
42401 76
424300 7
424301 64
42500 1
42501 67
425300 6
425301 55
42600 6
42601 60
426300 15
426301 57
42700 17
42701 38
427300 26
427301 34
42800 31
42801 35
428300 64
428301 7
42900 66
42901 5
429300 85
429301 12
421000 84
421001 15
4210300 93
4210301 2
421100 99
421101 1
4211300 99
4211301 1
431200 7
431201 99
4312300 1
4312301 99
43100 10
43101 99
431300 1
431301 99
43200 9
43201 99
432300 1
432301 83
43300 1
43301 89
433300 2
433301 83
43400 5
43401 80
434300 1
434301 55
43500 4
43501 51
435300 7
435301 57
43600 13
43601 46
436300 8
436301 53
43700 26
43701 31
437300 18
437301 35
43800 43
43801 27
438300 65
438301 3
43900 71
43901 9
439300 73
439301 13
431000 95
431001 3
4310300 90
4310301 8
431100 99
431101 1
4311300 99
4311301 1
441200 1
441201 99
4412300 3
4412301 99
44100 1
44101 96
441300 1
441301 97
44200 1
44201 99
442300 1
442301 89
44300 8
44301 83
443300 1
443301 82
44400 3
44401 72
444300 1
444301 72
44500 1
44501 65
445300 18
445301 62
44600 1
44601 46
446300 16
446301 55
44700 29
44701 49
447300 20
447301 31
44800 34
44801 20
448300 77
448301 18
44900 72
44901 3
449300 68
449301 13
441000 99
441001 15
4410300 99
4410301 1
441100 99
441101 3
4411300 98
4411301 1
451200 9
451201 99
4512300 1
4512301 92
45100 1
45101 91
451300 1
451301 96
45200 7
45201 95
452300 9
452301 88
45300 8
45301 88
453300 3
453301 88
45400 1
45401 62
454300 1
454301 59
45500 15
45501 62
455300 4
455301 48
45600 10
45601 52
456300 20
456301 47
45700 30
45701 50
457300 25
457301 23
45800 38
45801 23
458300 65
458301 21
45900 69
45901 16
459300 72
459301 13
451000 85
451001 1
4510300 91
4510301 12
451100 99
451101 8
4511300 91
4511301 1
461200 6
461201 93
4612300 1
4612301 91
46100 1
46101 97
461300 1
461301 99
46200 1
46201 99
462300 9
462301 92
46300 9
46301 81
463300 4
463301 82
46400 1
46401 66
464300 3
464301 59
46500 8
46501 66
465300 3
465301 54
46600 14
46601 59
466300 17
466301 44
46700 21
46701 31
467300 29
467301 40
46800 46
46801 25
468300 58
468301 20
46900 68
46901 16
469300 77
469301 3
461000 88
461001 16
4610300 99
4610301 1
461100 95
461101 4
4611300 99
4611301 10
471200 1
471201 99
4712300 10
4712301 99
47100 7
47101 94
471300 1
471301 86
47200 1
47201 94
472300 1
472301 81
47300 1
47301 87
473300 2
473301 77
47400 9
47401 77
474300 1
474301 57
47500 3
47501 51
475300 14
475301 58
47600 7
47601 49
476300 8
476301 52
47700 28
47701 49
477300 18
477301 30
47800 45
47801 28
478300 68
478301 6
47900 78
47901 5
479300 70
479301 8
471000 92
471001 11
4710300 87
4710301 10
471100 97
471101 1
4711300 99
4711301 10
511200 1
511201 99
5112300 1
5112301 99
51100 2
51101 94
511300 1
511301 92
51200 7
51201 94
512300 1
512301 81
51300 6
51301 88
513300 3
513301 90
51400 8
51401 67
514300 7
514301 55
51500 8
51501 57
515300 1
515301 57
51600 1
51601 49
516300 15
516301 46
51700 21
51701 40
517300 23
517301 29
51800 41
51801 26
518300 71
518301 10
51900 68
51901 17
519300 75
519301 14
511000 84
511001 16
5110300 89
5110301 1
511100 96
511101 10
5111300 99
5111301 5
521200 6
521201 99
5212300 5
5212301 99
52100 2
52101 87
521300 1
521301 95
52200 1
52201 99
522300 1
522301 84
52300 1
52301 90
523300 7
523301 89
52400 1
52401 72
524300 6
524301 61
52500 7
52501 62
525300 18
525301 47
52600 14
52601 45
526300 4
526301 53
52700 31
52701 44
527300 19
527301 29
52800 38
52801 18
528300 58
528301 10
52900 64
52901 11
529300 66
529301 2
521000 94
521001 3
5210300 92
5210301 1
521100 93
521101 13
5211300 91
5211301 4
531200 8
531201 97
5312300 1
5312301 95
53100 1
53101 92
531300 6
531301 99
53200 1
53201 99
532300 1
532301 99
53300 8
53301 96
533300 10
533301 89
53400 1
53401 70
534300 1
534301 59
53500 4
53501 58
535300 4
535301 61
53600 3
53601 53
536300 20
536301 48
53700 26
53701 37
537300 30
537301 30
53800 31
53801 29
538300 69
538301 11
53900 72
53901 19
539300 67
539301 5
531000 95
531001 12
5310300 99
5310301 1
531100 99
531101 2
5311300 93
5311301 4
541200 1
541201 98
5412300 3
5412301 90
54100 1
54101 99
541300 4
541301 86
54200 1
54201 88
542300 4
542301 91
54300 1
54301 78
543300 9
543301 83
54400 6
54401 75
544300 1
544301 55
54500 5
54501 58
545300 15
545301 53
54600 10
54601 56
546300 8
546301 48
54700 27
54701 37
547300 19
547301 33
54800 42
54801 33
548300 64
548301 14
54900 79
54901 6
549300 81
549301 4
541000 97
541001 13
5410300 95
5410301 7
541100 99
541101 7
5411300 99
5411301 2
551200 5
551201 99
5512300 1
5512301 99
55100 6
55101 94
551300 1
551301 93
55200 1
55201 92
552300 3
552301 95
55300 1
55301 91
553300 1
553301 81
55400 3
55401 75
554300 1
554301 54
55500 1
55501 56
555300 2
555301 54
55600 1
55601 53
556300 17
556301 43
55700 22
55701 31
557300 18
557301 29
55800 44
55801 17
558300 72
558301 9
55900 70
55901 11
559300 81
559301 17
551000 81
551001 3
5510300 99
5510301 3
551100 99
551101 9
5511300 90
5511301 3
561200 1
561201 99
5612300 1
5612301 91
56100 1
56101 92
561300 1
561301 99
56200 4
56201 84
562300 3
562301 86
56300 4
56301 84
563300 8
563301 74
56400 7
56401 62
564300 1
564301 70
56500 1
56501 61
565300 2
565301 50
56600 1
56601 43
566300 21
566301 47
56700 20
56701 32
567300 18
567301 29
56800 33
56801 35
568300 77
568301 18
56900 69
56901 15
569300 83
569301 4
561000 91
561001 1
5610300 95
5610301 1
561100 99
561101 9
5611300 96
5611301 4
571200 1
571201 99
5712300 1
5712301 99
57100 2
57101 95
571300 5
571301 98
57200 8
57201 98
572300 1
572301 89
57300 1
57301 93
573300 1
573301 83
57400 1
57401 78
574300 1
574301 71
57500 13
57501 55
575300 1
575301 48
57600 5
57601 56
576300 17
576301 57
57700 26
57701 50
577300 30
577301 31
57800 43
57801 27
578300 59
578301 7
57900 81
57901 1
579300 83
579301 12
571000 85
571001 1
5710300 99
5710301 1
571100 99
571101 1
5711300 99
5711301 9
611200 1
611201 99
6112300 1
6112301 99
61100 1
61101 99
611300 1
611301 98
61200 2
61201 84
612300 1
612301 87
61300 7
61301 95
613300 10
613301 93
61400 1
61401 74
614300 3
614301 60
61500 3
61501 69
615300 1
615301 47
61600 11
61601 58
616300 4
616301 51
61700 28
61701 45
617300 21
617301 41
61800 42
61801 30
618300 61
618301 21
61900 76
61901 3
619300 83
619301 9
611000 95
611001 11
6110300 86
6110301 1
611100 99
611101 1
6111300 99
6111301 5
621200 1
621201 94
6212300 7
6212301 99
62100 1
62101 93
621300 1
621301 99
62200 1
62201 87
622300 1
622301 99
62300 1
62301 85
623300 2
623301 78
62400 8
62401 71
624300 6
624301 57
62500 17
62501 58
625300 13
625301 46
62600 1
62601 56
626300 15
626301 48
62700 17
62701 49
627300 30
627301 33
62800 39
62801 28
628300 72
628301 6
62900 64
62901 19
629300 73
629301 1
621000 96
621001 1
6210300 99
6210301 14
621100 93
621101 8
6211300 99
6211301 1
631200 2
631201 99
6312300 1
6312301 99
63100 1
63101 97
631300 1
631301 99
63200 1
63201 87
632300 1
632301 82
63300 9
63301 94
633300 1
633301 89
63400 1
63401 75
634300 9
634301 58
63500 4
63501 67
635300 15
635301 55
63600 3
63601 51
636300 20
636301 55
63700 33
63701 46
637300 35
637301 37
63800 33
63801 36
638300 65
638301 7
63900 73
63901 15
639300 75
639301 8
631000 89
631001 16
6310300 93
6310301 8
631100 98
631101 1
6311300 96
6311301 1
641200 7
641201 98
6412300 1
6412301 92
64100 1
64101 90
641300 1
641301 97
64200 1
64201 91
642300 9
642301 93
64300 5
64301 80
643300 4
643301 82
64400 1
64401 74
644300 1
644301 59
64500 2
64501 61
645300 11
645301 63
64600 14
64601 47
646300 14
646301 50
64700 31
64701 45
647300 31
647301 35
64800 46
64801 31
648300 74
648301 11
64900 67
64901 11
649300 68
649301 8
641000 82
641001 1
6410300 94
6410301 7
641100 99
641101 6
6411300 89
6411301 7
651200 5
651201 93
6512300 7
6512301 98
65100 1
65101 95
651300 1
651301 87
65200 6
65201 99
652300 6
652301 88
65300 7
65301 90
653300 7
653301 89
65400 1
65401 67
654300 4
654301 54
65500 13
65501 60
655300 10
655301 54
65600 6
65601 53
656300 15
656301 57
65700 35
65701 32
657300 24
657301 27
65800 44
65801 32
658300 66
658301 5
65900 74
65901 1
659300 68
659301 5
651000 95
651001 15
6510300 92
6510301 1
651100 98
651101 3
6511300 99
6511301 6
661200 1
661201 89
6612300 5
6612301 99
66100 10
66101 89
661300 8
661301 89
66200 1
66201 88
662300 7
662301 86
66300 1
66301 82
663300 1
663301 89
66400 6
66401 71
664300 6
664301 58
66500 10
66501 61
665300 16
665301 60
66600 15
66601 55
666300 2
666301 52
66700 18
66701 32
667300 33
667301 34
66800 47
66801 27
668300 74
668301 19
66900 73
66901 18
669300 74
669301 10
661000 99
661001 2
6610300 90
6610301 1
661100 99
661101 5
6611300 99
6611301 10
671200 1
671201 99
6712300 5
6712301 89
67100 4
67101 89
671300 1
671301 93
67200 1
67201 87
672300 1
672301 97
67300 9
67301 94
673300 1
673301 80
67400 1
67401 62
674300 1
674301 54
67500 5
67501 64
675300 1
675301 54
67600 11
67601 57
676300 20
676301 50
67700 19
67701 44
677300 34
677301 40
67800 40
67801 32
678300 70
678301 15
67900 72
67901 16
679300 77
679301 6
671000 82
671001 15
6710300 93
6710301 5
671100 93
671101 1
6711300 99
6711301 10
711200 8
711201 99
7112300 1
7112301 99
71100 1
71101 99
711300 6
711301 99
71200 8
71201 92
712300 1
712301 83
71300 4
71301 84
713300 1
713301 85
71400 7
71401 69
714300 1
714301 64
71500 15
71501 63
715300 5
715301 59
71600 6
71601 48
716300 19
716301 48
71700 31
71701 48
717300 23
717301 23
71800 41
71801 22
718300 58
718301 5
71900 67
71901 15
719300 81
719301 17
711000 91
711001 4
7110300 89
7110301 1
711100 89
711101 1
7111300 99
7111301 2
721200 1
721201 99
7212300 9
7212301 93
72100 4
72101 93
721300 9
721301 96
72200 7
72201 93
722300 10
722301 99
72300 1
72301 80
723300 9
723301 74
72400 1
72401 78
724300 9
724301 56
72500 7
72501 54
725300 9
725301 57
72600 1
72601 60
726300 10
726301 55
72700 25
72701 32
727300 17
727301 35
72800 35
72801 35
728300 58
728301 20
72900 81
72901 7
729300 69
729301 4
721000 99
721001 13
7210300 87
7210301 6
721100 95
721101 2
7211300 99
7211301 1
731200 6
731201 99
7312300 5
7312301 96
73100 5
73101 87
731300 5
731301 99
73200 1
73201 98
732300 9
732301 84
73300 9
73301 86
733300 1
733301 80
73400 7
73401 71
734300 9
734301 62
73500 3
73501 54
735300 1
735301 45
73600 1
73601 42
736300 20
736301 56
73700 25
73701 45
737300 18
737301 27
73800 42
73801 35
738300 62
738301 12
73900 68
73901 8
739300 81
739301 1
731000 82
731001 12
7310300 97
7310301 1
731100 99
731101 13
7311300 99
7311301 1
741200 4
741201 99
7412300 1
7412301 99
74100 5
74101 93
741300 1
741301 90
74200 8
74201 85
742300 1
742301 99
74300 1
74301 94
743300 10
743301 81
74400 1
74401 66
744300 1
744301 56
74500 1
74501 66
745300 10
745301 52
74600 18
74601 51
746300 13
746301 58
74700 31
74701 42
747300 21
747301 38
74800 34
74801 30
748300 58
748301 13
74900 64
74901 3
749300 74
749301 1
741000 83
741001 8
7410300 99
7410301 1
741100 99
741101 6
7411300 96
7411301 10
751200 1
751201 90
7512300 8
7512301 91
75100 9
75101 99
751300 2
751301 88
75200 2
75201 89
752300 1
752301 95
75300 2
75301 85
753300 7
753301 89
75400 1
75401 69
754300 2
754301 65
75500 2
75501 69
755300 6
755301 50
75600 14
75601 45
756300 20
756301 55
75700 26
75701 33
757300 24
757301 28
75800 48
75801 23
758300 58
758301 5
75900 72
75901 16
759300 73
759301 8
751000 94
751001 8
7510300 99
7510301 1
751100 99
751101 11
7511300 91
7511301 5
761200 9
761201 96
7612300 2
7612301 98
76100 1
76101 93
761300 4
761301 99
76200 9
76201 96
762300 9
762301 84
76300 8
76301 89
763300 1
763301 83
76400 1
76401 68
764300 11
764301 53
76500 4
76501 55
765300 13
765301 47
76600 1
76601 53
766300 13
766301 48
76700 25
76701 33
767300 17
767301 35
76800 40
76801 19
768300 70
768301 20
76900 78
76901 18
769300 77
769301 11
761000 81
761001 6
7610300 86
7610301 12
761100 99
761101 1
7611300 99
7611301 1
771200 1
771201 99
7712300 10
7712301 92
77100 8
77101 97
771300 1
771301 99
77200 1
77201 96
772300 1
772301 97
77300 4
77301 94
773300 7
773301 75
77400 7
77401 75
774300 1
774301 71
77500 8
77501 55
775300 1
775301 58
77600 10
77601 54
776300 9
776301 41
77700 34
77701 33
777300 22
777301 35
77800 47
77801 17
778300 76
778301 20
77900 63
77901 10
779300 73
779301 4
771000 86
771001 14
7710300 94
7710301 13
771100 99
771101 11
7711300 90
7711301 5
811200 5
811201 99
8112300 9
8112301 91
81100 1
81101 94
811300 2
811301 87
81200 1
81201 96
812300 1
812301 95
81300 8
81301 95
813300 1
813301 76
81400 1
81401 65
814300 11
814301 65
81500 1
81501 66
815300 17
815301 45
81600 14
81601 50
816300 19
816301 47
81700 26
81701 43
817300 21
817301 33
81800 44
81801 34
818300 69
818301 13
81900 65
81901 9
819300 73
819301 6
811000 98
811001 8
8110300 88
8110301 1
811100 99
811101 1
8111300 93
8111301 12
821200 10
821201 95
8212300 1
8212301 99
82100 1
82101 93
821300 1
821301 95
82200 1
82201 91
822300 1
822301 98
82300 1
82301 80
823300 1
823301 75
82400 1
82401 63
824300 2
824301 55
82500 1
82501 66
825300 8
825301 52
82600 11
82601 51
826300 13
826301 52
82700 17
82701 47
827300 21
827301 31
82800 40
82801 29
828300 67
828301 11
82900 68
82901 6
829300 74
829301 16
821000 96
821001 3
8210300 92
8210301 12
821100 99
821101 2
8211300 93
8211301 2
831200 1
831201 93
8312300 6
8312301 98
83100 3
83101 92
831300 1
831301 94
83200 1
83201 99
832300 1
832301 91
83300 1
83301 80
833300 10
833301 74
83400 1
83401 69
834300 1
834301 69
83500 8
83501 54
835300 3
835301 46
83600 14
83601 51
836300 15
836301 39
83700 20
83701 37
837300 23
837301 35
83800 44
83801 25
838300 63
838301 5
83900 64
83901 15
839300 85
839301 16
831000 81
831001 2
8310300 90
8310301 11
831100 99
831101 3
8311300 99
8311301 1
841200 8
841201 98
8412300 1
8412301 99
84100 1
84101 97
841300 9
841301 87
84200 1
84201 98
842300 3
842301 99
84300 1
84301 79
843300 1
843301 88
84400 7
84401 79
844300 2
844301 64
84500 1
84501 59
845300 6
845301 57
84600 17
84601 52
846300 5
846301 58
84700 22
84701 42
847300 30
847301 24
84800 40
84801 26
848300 69
848301 18
84900 76
84901 14
849300 73
849301 13
841000 86
841001 15
8410300 99
8410301 1
841100 97
841101 3
8411300 99
8411301 10
851200 1
851201 96
8512300 3
8512301 91
85100 1
85101 98
851300 8
851301 97
85200 1
85201 89
852300 1
852301 89
85300 6
85301 86
853300 1
853301 78
85400 1
85401 78
854300 1
854301 54
85500 15
85501 68
855300 8
855301 52
85600 3
85601 60
856300 5
856301 57
85700 35
85701 49
857300 36
857301 39
85800 36
85801 20
858300 67
858301 11
85900 64
85901 16
859300 72
859301 1
851000 83
851001 16
8510300 87
8510301 9
851100 99
851101 9
8511300 99
8511301 10
861200 1
861201 99
8612300 2
8612301 99
86100 1
86101 89
861300 1
861301 99
86200 1
86201 95
862300 1
862301 88
86300 1
86301 88
863300 3
863301 89
86400 1
86401 67
864300 3
864301 53
86500 3
86501 64
865300 13
865301 51
86600 2
86601 50
866300 4
866301 40
86700 31
86701 31
867300 27
867301 24
86800 31
86801 21
868300 61
868301 9
86900 67
86901 5
869300 69
869301 12
861000 87
861001 16
8610300 99
8610301 13
861100 99
861101 3
8611300 97
8611301 2
871200 9
871201 99
8712300 10
8712301 89
87100 6
87101 93
871300 7
871301 91
87200 1
87201 93
872300 1
872301 87
87300 7
87301 85
873300 1
873301 78
87400 6
87401 81
874300 1
874301 72
87500 4
87501 69
875300 5
875301 60
87600 1
87601 44
876300 6
876301 52
87700 22
87701 37
877300 17
877301 35
87800 40
87801 33
878300 59
878301 19
87900 68
87901 4
879300 85
879301 9
871000 98
871001 1
8710300 94
8710301 1
871100 92
871101 8
8711300 92
8711301 12
911200 1
911201 96
9112300 10
9112301 94
91100 1
91101 88
911300 1
911301 88
91200 8
91201 87
912300 1
912301 99
91300 10
91301 90
913300 3
913301 78
91400 1
91401 62
914300 1
914301 64
91500 4
91501 69
915300 4
915301 62
91600 15
91601 48
916300 15
916301 56
91700 22
91701 37
917300 25
917301 24
91800 44
91801 26
918300 72
918301 12
91900 65
91901 13
919300 67
919301 6
911000 86
911001 14
9110300 98
9110301 2
911100 99
911101 1
9111300 98
9111301 10
921200 8
921201 94
9212300 1
9212301 90
92100 1
92101 99
921300 4
921301 99
92200 1
92201 88
922300 1
922301 89
92300 1
92301 78
923300 6
923301 91
92400 1
92401 80
924300 1
924301 68
92500 15
92501 51
925300 1
925301 52
92600 13
92601 48
926300 15
926301 39
92700 35
92701 43
927300 22
927301 33
92800 48
92801 30
928300 76
928301 4
92900 80
92901 1
929300 84
929301 11
921000 86
921001 1
9210300 99
9210301 1
921100 99
921101 9
9211300 99
9211301 3
931200 1
931201 99
9312300 1
9312301 99
93100 1
93101 87
931300 1
931301 87
93200 1
93201 85
932300 1
932301 95
93300 1
93301 88
933300 4
933301 85
93400 2
93401 67
934300 2
934301 69
93500 9
93501 50
935300 11
935301 55
93600 2
93601 51
936300 19
936301 58
93700 34
93701 44
937300 34
937301 33
93800 40
93801 21
938300 62
938301 14
93900 75
93901 15
939300 76
939301 11
931000 98
931001 16
9310300 99
9310301 12
931100 99
931101 1
9311300 99
9311301 10
941200 1
941201 99
9412300 1
9412301 96
94100 1
94101 99
941300 1
941301 87
94200 8
94201 99
942300 7
942301 97
94300 1
94301 86
943300 8
943301 83
94400 1
94401 70
944300 8
944301 68
94500 4
94501 62
945300 15
945301 51
94600 14
94601 50
946300 18
946301 54
94700 18
94701 32
947300 33
947301 26
94800 44
94801 21
948300 68
948301 21
94900 68
94901 9
949300 67
949301 7
941000 95
941001 2
9410300 87
9410301 9
941100 97
941101 10
9411300 93
9411301 6
951200 1
951201 99
9512300 4
9512301 90
95100 1
95101 90
951300 1
951301 94
95200 1
95201 93
952300 9
952301 95
95300 1
95301 83
953300 1
953301 79
95400 1
95401 62
954300 5
954301 68
95500 15
95501 66
955300 5
955301 60
95600 6
95601 50
956300 17
956301 50
95700 30
95701 37
957300 23
957301 41
95800 45
95801 36
958300 63
958301 3
95900 79
95901 16
959300 78
959301 8
951000 94
951001 5
9510300 95
9510301 9
951100 98
951101 6
9511300 91
9511301 7
961200 7
961201 99
9612300 1
9612301 94
96100 1
96101 99
961300 2
961301 91
96200 1
96201 98
962300 1
962301 87
96300 5
96301 86
963300 7
963301 81
96400 1
96401 72
964300 1
964301 65
96500 1
96501 54
965300 10
965301 48
96600 4
96601 55
966300 9
966301 48
96700 29
96701 45
967300 31
967301 38
96800 29
96801 17
968300 61
968301 13
96900 72
96901 20
969300 84
969301 17
961000 86
961001 11
9610300 98
9610301 10
961100 99
961101 1
9611300 99
9611301 4
971200 8
971201 99
9712300 10
9712301 90
97100 1
97101 89
971300 1
971301 93
97200 1
97201 98
972300 1
972301 90
97300 3
97301 94
973300 7
973301 82
97400 7
97401 69
974300 1
974301 57
97500 1
97501 62
975300 7
975301 54
97600 15
97601 48
976300 13
976301 55
97700 21
97701 46
977300 26
977301 25
97800 48
97801 35
978300 62
978301 12
97900 76
97901 6
979300 78
979301 7
971000 92
971001 16
9710300 91
9710301 1
971100 97
971101 6
9711300 93
9711301 7
1011200 5
1011201 99
10112300 1
10112301 93
101100 1
101101 87
1011300 10
1011301 90
101200 1
101201 90
1012300 1
1012301 82
101300 4
101301 84
1013300 1
1013301 90
101400 7
101401 65
1014300 8
1014301 63
101500 15
101501 51
1015300 3
1015301 45
101600 7
101601 46
1016300 17
1016301 51
101700 20
101701 32
1017300 24
1017301 34
101800 44
101801 36
1018300 65
1018301 10
101900 71
101901 16
1019300 82
1019301 7
1011000 85
1011001 4
10110300 99
10110301 1
1011100 99
1011101 1
10111300 96
10111301 5
1021200 1
1021201 89
10212300 1
10212301 99
102100 1
102101 98
1021300 1
1021301 99
102200 6
102201 97
1022300 1
1022301 99
102300 5
102301 87
1023300 1
1023301 88
102400 1
102401 71
1024300 6
1024301 56
102500 1
102501 57
1025300 1
1025301 51
102600 10
102601 45
1026300 11
1026301 40
102700 31
102701 34
1027300 29
1027301 29
102800 46
102801 20
1028300 67
1028301 8
102900 68
102901 19
1029300 81
1029301 7
1021000 83
1021001 1
10210300 89
10210301 10
1021100 99
1021101 1
10211300 89
10211301 1
1031200 1
1031201 97
10312300 6
10312301 90
103100 5
103101 91
1031300 7
1031301 91
103200 1
103201 99
1032300 1
1032301 85
103300 2
103301 86
1033300 1
1033301 93
103400 3
103401 66
1034300 3
1034301 61
103500 2
103501 64
1035300 15
1035301 62
103600 3
103601 41
1036300 14
1036301 51
103700 26
103701 40
1037300 33
1037301 35
103800 40
103801 30
1038300 70
1038301 14
103900 68
103901 17
1039300 70
1039301 2
1031000 89
1031001 13
10310300 86
10310301 5
1031100 89
1031101 6
10311300 91
10311301 9
1041200 10
1041201 99
10412300 6
10412301 99
104100 6
104101 89
1041300 1
1041301 87
104200 1
104201 99
1042300 1
1042301 91
104300 8
104301 93
1043300 3
1043301 80
104400 6
104401 64
1044300 2
1044301 66
104500 2
104501 59
1045300 18
1045301 54
104600 13
104601 58
1046300 5
1046301 49
104700 27
104701 33
1047300 33
1047301 36
104800 40
104801 18
1048300 74
1048301 14
104900 66
104901 4
1049300 77
1049301 6
1041000 96
1041001 12
10410300 92
10410301 1
1041100 99
1041101 10
10411300 90
10411301 7
1051200 1
1051201 99
10512300 8
10512301 93
105100 6
105101 90
1051300 2
1051301 99
105200 1
105201 98
1052300 1
1052301 86
105300 6
105301 86
1053300 8
1053301 89
105400 9
105401 81
1054300 4
1054301 62
105500 17
105501 64
1055300 9
1055301 57
105600 1
105601 47
1056300 9
1056301 43
105700 27
105701 34
1057300 22
1057301 25
105800 30
105801 30
1058300 62
1058301 6
105900 64
105901 15
1059300 71
1059301 1
1051000 94
1051001 2
10510300 88
10510301 4
1051100 98
1051101 11
10511300 99
10511301 3
1061200 7
1061201 90
10612300 5
10612301 94
106100 6
106101 87
1061300 1
1061301 99
106200 1
106201 96
1062300 1
1062301 93
106300 1
106301 95
1063300 3
1063301 82
106400 3
106401 65
1064300 1
1064301 58
106500 1
106501 67
1065300 4
1065301 56
106600 5
106601 56
1066300 5
1066301 42
106700 22
106701 41
1067300 17
1067301 34
106800 33
106801 24
1068300 71
1068301 15
106900 71
106901 15
1069300 84
1069301 7
1061000 91
1061001 10
10610300 92
10610301 5
1061100 91
1061101 1
10611300 89
10611301 2
1071200 1
1071201 99
10712300 1
10712301 89
107100 1
107101 99
1071300 6
1071301 99
107200 9
107201 97
1072300 1
1072301 99
107300 5
107301 83
1073300 2
1073301 89
107400 4
107401 68
1074300 1
1074301 66
107500 14
107501 67
1075300 14
1075301 53
107600 13
107601 55
1076300 14
1076301 50
107700 25
107701 38
1077300 21
1077301 41
107800 39
107801 17
1078300 68
1078301 18
107900 74
107901 18
1079300 72
1079301 2
1071000 87
1071001 13
10710300 87
10710301 7
1071100 99
1071101 10
10711300 99
10711301 1
1111200 1
1111201 99
11112300 4
11112301 99
111100 1
111101 99
1111300 5
1111301 99
111200 1
111201 99
1112300 10
1112301 85
111300 1
111301 91
1113300 1
1113301 78
111400 1
111401 81
1114300 1
1114301 67
111500 17
111501 53
1115300 1
1115301 54
111600 13
111601 56
1116300 3
1116301 52
111700 16
111701 49
1117300 31
1117301 25
111800 36
111801 36
1118300 77
1118301 13
111900 68
111901 15
1119300 77
1119301 1
1111000 84
1111001 1
11110300 91
11110301 6
1111100 95
1111101 8
11111300 89
11111301 3
1121200 1
1121201 92
11212300 1
11212301 99
112100 1
112101 99
1121300 1
1121301 89
112200 1
112201 99
1122300 1
1122301 97
112300 9
112301 85
1123300 1
1123301 86
112400 4
112401 73
1124300 1
1124301 62
112500 16
112501 68
1125300 13
1125301 62
112600 6
112601 55
1126300 4
1126301 46
112700 29
112701 37
1127300 17
1127301 31
112800 47
112801 35
1128300 58
1128301 7
112900 80
112901 8
1129300 70
1129301 9
1121000 95
1121001 1
11210300 99
11210301 1
1121100 91
1121101 7
11211300 89
11211301 4
1131200 1
1131201 95
11312300 7
11312301 99
113100 1
113101 99
1131300 1
1131301 99
113200 8
113201 90
1132300 1
1132301 84
113300 7
113301 93
1133300 1
1133301 78
113400 1
113401 76
1134300 1
1134301 62
113500 12
113501 57
1135300 13
1135301 63
113600 7
113601 47
1136300 11
1136301 49
113700 25
113701 31
1137300 31
1137301 24
113800 46
113801 24
1138300 75
1138301 7
113900 70
113901 15
1139300 80
1139301 10
1131000 92
1131001 11
11310300 99
11310301 12
1131100 99
1131101 5
11311300 97
11311301 6
1141200 1
1141201 91
11412300 2
11412301 92
114100 7
114101 93
1141300 4
1141301 98
114200 9
114201 99
1142300 6
1142301 94
114300 1
114301 79
1143300 5
1143301 92
114400 1
114401 71
1144300 7
1144301 71
114500 17
114501 55
1145300 17
1145301 57
114600 17
114601 59
1146300 8
1146301 45
114700 31
114701 44
1147300 27
1147301 37
114800 42
114801 23
1148300 70
1148301 11
114900 65
114901 4
1149300 69
1149301 15
1141000 89
1141001 10
11410300 87
11410301 6
1141100 97
1141101 1
11411300 91
11411301 9
1151200 7
1151201 95
11512300 7
11512301 99
115100 3
115101 99
1151300 1
1151301 89
115200 1
115201 85
1152300 1
1152301 87
115300 1
115301 88
1153300 7
1153301 89
115400 1
115401 76
1154300 1
1154301 53
115500 9
115501 52
1155300 8
1155301 63
115600 1
115601 56
1156300 19
1156301 41
115700 30
115701 36
1157300 24
1157301 25
115800 30
115801 23
1158300 76
1158301 18
115900 80
115901 12
1159300 78
1159301 11
1151000 81
1151001 5
11510300 99
11510301 11
1151100 99
1151101 7
11511300 99
11511301 1
1161200 1
1161201 99
11612300 1
11612301 97
116100 6
116101 91
1161300 5
1161301 98
116200 8
116201 90
1162300 8
1162301 88
116300 8
116301 88
1163300 1
1163301 89
116400 3
116401 67
1164300 6
1164301 72
116500 16
116501 65
1165300 13
1165301 63
116600 5
116601 53
1166300 21
1166301 58
116700 32
116701 41
1167300 29
1167301 41
116800 48
116801 23
1168300 64
1168301 6
116900 68
116901 11
1169300 83
1169301 1
1161000 83
1161001 1
11610300 99
11610301 1
1161100 97
1161101 1
11611300 99
11611301 12
1171200 9
1171201 99
11712300 10
11712301 99
117100 1
117101 87
1171300 1
1171301 93
117200 4
117201 84
1172300 4
1172301 99
117300 2
117301 95
1173300 1
1173301 79
117400 5
117401 79
1174300 9
1174301 61
117500 7
117501 58
1175300 5
1175301 60
117600 15
117601 43
1176300 9
1176301 41
117700 25
117701 46
1177300 25
1177301 32
117800 38
117801 19
1178300 71
1178301 16
117900 65
117901 3
1179300 69
1179301 8
1171000 97
1171001 15
11710300 90
11710301 1
1171100 99
1171101 3
11711300 99
11711301 7
