011200 6
011201 99
0112300 4
0112301 99
01100 9
01101 91
011300 1
011301 86
01200 7
01201 86
012300 9
012301 89
01300 8
01301 81
013300 5
013301 76
01400 1
01401 68
014300 1
014301 60
01500 16
01501 58
015300 18
015301 56
01600 13
01601 45
016300 7
016301 56
01700 20
01701 42
017300 33
017301 29
01800 40
01801 24
018300 76
018301 5
01900 75
01901 19
019300 78
019301 13
011000 85
011001 1
0110300 98
0110301 7
011100 89
011101 6
0111300 99
0111301 8
021200 3
021201 91
0212300 1
0212301 97
02100 1
02101 99
021300 2
021301 86
02200 1
02201 96
022300 1
022301 99
02300 9
02301 94
023300 1
023301 90
02400 1
02401 81
024300 1
024301 58
02500 1
02501 51
025300 2
025301 57
02600 13
02601 60
026300 10
026301 46
02700 30
02701 47
027300 26
027301 42
02800 38
02801 32
028300 69
028301 20
02900 66
02901 2
029300 70
029301 5
021000 99
021001 1
0210300 99
0210301 1
021100 92
021101 13
0211300 92
0211301 1
031200 6
031201 99
0312300 2
0312301 92
03100 1
03101 98
031300 1
031301 91
03200 1
03201 99
032300 10
032301 87
03300 1
03301 81
033300 6
033301 78
03400 7
03401 63
034300 5
034301 67
03500 15
03501 68
035300 4
035301 45
03600 7
03601 48
036300 16
036301 55
03700 34
03701 48
037300 20
037301 40
03800 46
03801 35
038300 73
038301 11
03900 64
03901 7
039300 70
039301 9
031000 97
031001 16
0310300 99
0310301 1
031100 99
031101 1
0311300 90
0311301 3
041200 1
041201 90
0412300 5
0412301 99
04100 1
04101 93
041300 1
041301 88
04200 2
04201 99
042300 1
042301 98
04300 1
04301 90
043300 1
043301 89
04400 1
04401 79
044300 1
044301 61
04500 13
04501 59
045300 7
045301 53
04600 10
04601 55
046300 16
046301 44
04700 24
04701 40
047300 23
047301 38
04800 44
04801 36
048300 70
048301 19
04900 72
04901 18
049300 83
049301 2
041000 97
041001 1
0410300 91
0410301 1
041100 94
041101 1
0411300 90
0411301 2
051200 1
051201 92
0512300 1
0512301 94
05100 1
05101 94
051300 9
051301 99
05200 1
05201 89
052300 1
052301 82
05300 9
05301 96
053300 7
053301 87
05400 1
05401 76
054300 1
054301 72
05500 5
05501 55
055300 11
055301 61
05600 4
05601 56
056300 14
056301 56
05700 17
05701 36
057300 27
057301 26
05800 29
05801 31
058300 74
058301 12
05900 81
05901 13
059300 68
059301 5
051000 88
051001 9
0510300 86
0510301 9
051100 92
051101 1
0511300 93
0511301 9
061200 1
061201 99
0612300 10
0612301 92
06100 10
06101 99
061300 1
061301 99
06200 6
06201 95
062300 1
062301 89
06300 4
06301 83
063300 2
063301 86
06400 1
06401 70
064300 2
064301 57
06500 13
06501 66
065300 10
065301 57
06600 4
06601 54
066300 20
066301 55
06700 19
06701 50
067300 29
067301 23
06800 47
06801 17
068300 77
068301 7
06900 78
06901 7
069300 69
069301 8
061000 96
061001 14
0610300 98
0610301 4
061100 99
061101 1
0611300 99
0611301 1
071200 1
071201 99
0712300 1
0712301 99
07100 10
07101 98
071300 5
071301 99
07200 1
07201 88
072300 10
072301 83
07300 8
07301 96
073300 1
073301 80
07400 6
07401 75
074300 4
074301 56
07500 4
07501 66
075300 1
075301 59
07600 1
07601 57
076300 6
076301 43
07700 18
07701 37
077300 23
077301 29
07800 36
07801 27
078300 74
078301 10
07900 74
07901 12
079300 71
079301 10
071000 82
071001 4
0710300 94
0710301 7
071100 99
071101 1
0711300 94
0711301 4
111200 1
111201 99
1112300 4
1112301 99
11100 1
11101 99
111300 1
111301 90
11200 4
11201 99
112300 1
112301 99
11300 9
11301 77
113300 1
113301 75
11400 3
11401 81
114300 10
114301 54
11500 2
11501 55
115300 9
115301 52
11600 1
11601 55
116300 5
116301 42
11700 33
11701 49
117300 34
117301 28
11800 36
11801 28
118300 64
118301 15
11900 68
11901 20
119300 77
119301 1
111000 95
111001 5
1110300 96
1110301 1
111100 94
111101 1
1111300 99
1111301 8
121200 1
121201 92
1212300 6
1212301 99
12100 9
12101 99
121300 1
121301 99
12200 1
12201 99
122300 1
122301 87
12300 1
12301 92
123300 10
123301 79
12400 5
12401 68
124300 5
124301 72
12500 2
12501 52
125300 13
125301 59
12600 12
12601 56
126300 11
126301 56
12700 20
12701 39
127300 17
127301 34
12800 30
12801 29
128300 67
128301 17
12900 63
12901 17
129300 85
129301 17
121000 81
121001 1
1210300 93
1210301 1
121100 93
121101 9
1211300 99
1211301 1
131200 1
131201 99
1312300 3
1312301 92
13100 7
13101 96
131300 2
131301 87
13200 8
13201 89
132300 1
132301 82
13300 6
13301 82
133300 7
133301 91
13400 7
13401 67
134300 1
134301 67
13500 2
13501 68
135300 3
135301 57
13600 15
13601 43
136300 6
136301 47
13700 21
13701 39
137300 31
137301 38
13800 35
13801 28
138300 68
138301 15
13900 76
13901 18
139300 85
139301 3
131000 82
131001 3
1310300 96
1310301 1
131100 91
131101 1
1311300 99
1311301 1
141200 8
141201 99
1412300 6
1412301 96
14100 1
14101 99
141300 1
141301 93
14200 1
14201 87
142300 6
142301 99
14300 1
14301 84
143300 3
143301 87
14400 1
14401 64
144300 1
144301 69
14500 15
14501 69
145300 8
145301 55
14600 4
14601 55
146300 16
146301 50
14700 32
14701 32
147300 36
147301 23
14800 46
14801 23
148300 71
148301 3
14900 67
14901 11
149300 67
149301 15
141000 82
141001 16
1410300 87
1410301 3
141100 96
141101 12
1411300 95
1411301 1
151200 1
151201 89
1512300 1
1512301 89
15100 1
15101 99
151300 1
151301 95
15200 4
15201 99
152300 4
152301 91
15300 1
15301 92
153300 9
153301 87
15400 1
15401 75
154300 1
154301 63
15500 1
15501 51
155300 12
155301 63
15600 15
15601 56
156300 21
156301 53
15700 28
15701 43
157300 19
157301 29
15800 39
15801 25
158300 66
158301 16
15900 79
15901 20
159300 67
159301 1
151000 93
151001 14
1510300 98
1510301 2
151100 99
151101 1
1511300 99
1511301 3
161200 7
161201 92
1612300 10
1612301 99
16100 1
16101 99
161300 2
161301 89
16200 1
16201 98
162300 1
162301 99
16300 1
16301 80
163300 1
163301 88
16400 4
16401 74
164300 1
164301 56
16500 1
16501 69
165300 2
165301 61
16600 4
16601 56
166300 8
166301 45
16700 21
16701 49
167300 31
167301 30
16800 34
16801 18
168300 62
168301 10
16900 64
16901 4
169300 72
169301 2
161000 89
161001 4
1610300 90
1610301 1
161100 96
161101 1
1611300 99
1611301 3
171200 7
171201 99
1712300 1
1712301 94
17100 1
17101 99
171300 10
171301 92
17200 1
17201 97
172300 1
172301 89
17300 1
17301 91
173300 1
173301 90
17400 1
17401 77
174300 10
174301 68
17500 1
17501 68
175300 8
175301 59
17600 9
17601 41
176300 8
176301 46
17700 30
17701 39
177300 23
177301 37
17800 29
17801 28
178300 60
178301 10
17900 79
17901 5
179300 81
179301 14
171000 83
171001 13
1710300 95
1710301 7
171100 99
171101 1
1711300 99
1711301 1
211200 7
211201 99
2112300 9
2112301 99
21100 1
21101 99
211300 6
211301 88
21200 4
21201 85
212300 1
212301 87
21300 1
21301 87
213300 4
213301 92
21400 1
21401 80
214300 1
214301 71
21500 2
21501 55
215300 10
215301 62
21600 3
21601 51
216300 7
216301 50
21700 32
21701 47
217300 25
217301 35
21800 33
21801 17
218300 69
218301 9
21900 76
21901 1
219300 69
219301 2
211000 99
211001 1
2110300 87
2110301 7
211100 99
211101 13
2111300 90
2111301 8
221200 3
221201 99
2212300 1
2212301 97
22100 1
22101 94
221300 7
221301 99
22200 2
22201 86
222300 1
222301 94
22300 6
22301 88
223300 2
223301 85
22400 10
22401 75
224300 8
224301 58
22500 15
22501 66
225300 13
225301 48
22600 13
22601 42
226300 8
226301 58
22700 27
22701 42
227300 18
227301 32
22800 29
22801 36
228300 59
228301 3
22900 81
22901 10
229300 73
229301 16
221000 85
221001 5
2210300 99
2210301 3
221100 99
221101 11
2211300 90
2211301 12
231200 5
231201 99
2312300 1
2312301 99
23100 1
23101 99
231300 1
231301 99
23200 1
23201 84
232300 3
232301 95
23300 1
23301 89
233300 5
233301 93
23400 1
23401 66
234300 1
234301 68
23500 4
23501 62
235300 14
235301 49
23600 14
23601 56
236300 6
236301 43
23700 26
23701 37
237300 27
237301 32
23800 47
23801 33
238300 60
238301 4
23900 79
23901 3
239300 78
239301 6
231000 92
231001 4
2310300 87
2310301 1
231100 99
231101 1
2311300 99
2311301 7
241200 1
241201 89
2412300 1
2412301 96
24100 9
24101 99
241300 8
241301 93
24200 5
24201 95
242300 1
242301 83
24300 4
24301 90
243300 9
243301 77
24400 1
24401 67
244300 1
244301 63
24500 6
24501 50
245300 3
245301 57
24600 4
24601 53
246300 4
246301 50
24700 29
24701 33
247300 31
247301 26
24800 35
24801 32
248300 65
248301 10
24900 82
24901 9
249300 78
249301 5
241000 92
241001 1
2410300 89
2410301 1
241100 99
241101 1
2411300 99
2411301 1
251200 1
251201 99
2512300 1
2512301 90
25100 1
25101 99
251300 8
251301 87
25200 8
25201 91
252300 4
252301 94
25300 1
25301 83
253300 1
253301 81
25400 1
25401 71
254300 3
254301 61
25500 11
25501 53
255300 1
255301 44
25600 16
25601 52
256300 2
256301 52
25700 18
25701 48
257300 36
257301 25
25800 48
25801 18
258300 65
258301 11
25900 73
25901 17
259300 68
259301 4
251000 89
251001 13
2510300 95
2510301 4
251100 89
251101 6
2511300 99
2511301 1
261200 1
261201 99
2612300 4
2612301 92
26100 1
26101 99
261300 1
261301 97
26200 1
26201 99
262300 1
262301 83
26300 7
26301 93
263300 1
263301 90
26400 1
26401 62
264300 8
264301 55
26500 6
26501 60
265300 2
265301 57
26600 1
26601 51
266300 14
266301 52
26700 22
26701 43
267300 25
267301 26
26800 37
26801 31
268300 76
268301 6
26900 75
26901 19
269300 72
269301 5
261000 99
261001 1
2610300 99
2610301 7
261100 98
261101 2
2611300 99
2611301 5
271200 1
271201 91
2712300 1
2712301 99
27100 1
27101 87
271300 1
271301 99
27200 1
27201 85
272300 1
272301 91
27300 1
27301 84
273300 9
273301 74
27400 1
27401 64
274300 10
274301 54
27500 2
27501 61
275300 11
275301 63
27600 11
27601 49
276300 2
276301 41
27700 22
27701 44
277300 32
277301 33
27800 32
27801 18
278300 62
278301 15
27900 63
27901 12
279300 66
279301 1
271000 84
271001 1
2710300 95
2710301 1
271100 99
271101 3
2711300 91
2711301 1
311200 1
311201 99
3112300 1
3112301 99
31100 1
31101 99
311300 1
311301 96
31200 1
31201 98
312300 1
312301 84
31300 9
31301 85
313300 7
313301 82
31400 3
31401 72
314300 10
314301 56
31500 12
31501 55
315300 16
315301 50
31600 2
31601 41
316300 8
316301 54
31700 17
31701 36
317300 36
317301 32
31800 30
31801 17
318300 68
318301 10
31900 76
31901 13
319300 78
319301 14
311000 83
311001 16
3110300 98
3110301 1
311100 99
311101 1
3111300 94
3111301 5
321200 1
321201 97
3212300 1
3212301 93
32100 1
32101 97
321300 1
321301 87
32200 5
32201 99
322300 4
322301 83
32300 1
32301 88
323300 2
323301 81
32400 1
32401 66
324300 6
324301 53
32500 12
32501 61
325300 10
325301 49
32600 14
32601 50
326300 7
326301 40
32700 34
32701 37
327300 19
327301 26
32800 45
32801 25
328300 75
328301 19
32900 65
32901 20
329300 74
329301 1
321000 89
321001 1
3210300 99
3210301 8
321100 99
321101 1
3211300 99
3211301 1
331200 1
331201 99
3312300 3
3312301 99
33100 1
33101 99
331300 5
331301 89
33200 8
33201 88
332300 1
332301 82
33300 10
33301 80
333300 1
333301 85
33400 6
33401 73
334300 5
334301 59
33500 5
33501 68
335300 1
335301 61
33600 8
33601 43
336300 6
336301 50
33700 35
33701 36
337300 31
337301 29
33800 46
33801 25
338300 64
338301 21
33900 72
33901 6
339300 77
339301 12
331000 95
331001 12
3310300 98
3310301 1
331100 99
331101 1
3311300 99
3311301 4
341200 1
341201 96
3412300 8
3412301 94
34100 4
34101 90
341300 1
341301 99
34200 6
34201 86
342300 10
342301 84
34300 7
34301 89
343300 2
343301 76
34400 1
34401 72
344300 1
344301 68
34500 17
34501 51
345300 13
345301 54
34600 5
34601 53
346300 14
346301 46
34700 30
34701 41
347300 30
347301 36
34800 33
34801 23
348300 69
348301 19
34900 64
34901 13
349300 84
349301 1
341000 84
341001 3
3410300 99
3410301 1
341100 99
341101 1
3411300 90
3411301 10
351200 10
351201 96
3512300 1
3512301 96
35100 3
35101 99
351300 3
351301 97
35200 1
35201 83
352300 1
352301 92
35300 1
35301 80
353300 1
353301 78
35400 1
35401 72
354300 1
354301 60
35500 1
35501 58
355300 17
355301 50
35600 1
35601 55
356300 14
356301 47
35700 30
35701 42
357300 24
357301 29
35800 42
35801 33
358300 69
358301 13
35900 71
35901 7
359300 82
359301 9
351000 85
351001 13
3510300 96
3510301 2
351100 99
351101 11
3511300 99
3511301 1
361200 1
361201 98
3612300 2
3612301 92
36100 1
36101 91
361300 5
361301 99
36200 3
36201 86
362300 10
362301 81
36300 1
36301 92
363300 5
363301 75
36400 8
36401 70
364300 1
364301 64
36500 8
36501 65
365300 11
365301 52
36600 1
36601 54
366300 18
366301 50
36700 21
36701 50
367300 17
367301 24
36800 46
36801 35
368300 74
368301 15
36900 71
36901 5
369300 66
369301 9
361000 87
361001 4
3610300 92
3610301 1
361100 96
361101 10
3611300 99
3611301 1
371200 4
371201 90
3712300 1
3712301 97
37100 8
37101 99
371300 3
371301 93
37200 5
37201 99
372300 5
372301 86
37300 1
37301 93
373300 6
373301 77
37400 1
37401 67
374300 1
374301 53
37500 4
37501 59
375300 17
375301 53
37600 12
37601 53
376300 16
376301 43
37700 27
37701 38
377300 30
377301 25
37800 38
37801 28
378300 65
378301 17
37900 69
37901 7
379300 76
379301 5
371000 82
371001 1
3710300 94
3710301 10
371100 99
371101 4
3711300 96
3711301 4
411200 1
411201 96
4112300 1
4112301 94
41100 1
41101 99
411300 1
411301 90
41200 1
41201 99
412300 1
412301 98
41300 1
41301 87
413300 1
413301 81
41400 1
41401 68
414300 5
414301 62
41500 1
41501 68
415300 14
415301 51
41600 1
41601 58
416300 18
416301 58
41700 26
41701 38
417300 22
417301 31
41800 31
41801 34
418300 67
418301 7
41900 81
41901 13
419300 77
419301 2
411000 98
411001 13
4110300 86
4110301 1
411100 97
411101 12
4111300 94
4111301 1
421200 8
421201 99
4212300 3
4212301 99
42100 9
42101 92
421300 1
421301 92
42200 1
42201 94
422300 6
422301 82
42300 5
42301 77
423300 1
423301 76
42400 9
42401 76
424300 8
424301 58
42500 11
42501 66
425300 9
425301 59
42600 15
42601 58
426300 8
426301 58
42700 19
42701 43
427300 30
427301 34
42800 44
42801 21
428300 59
428301 6
42900 73
42901 20
429300 76
429301 15
421000 81
421001 4
4210300 99
4210301 1
421100 99
421101 8
4211300 99
4211301 5
431200 1
431201 89
4312300 9
4312301 90
43100 3
43101 93
431300 1
431301 99
43200 1
43201 95
432300 1
432301 89
43300 1
43301 78
433300 2
433301 79
43400 5
43401 69
434300 1
434301 67
43500 7
43501 55
435300 5
435301 53
43600 2
43601 60
436300 10
436301 43
43700 24
43701 50
437300 26
437301 35
43800 35
43801 19
438300 61
438301 10
43900 73
43901 16
439300 85
439301 5
431000 90
431001 7
4310300 99
4310301 1
431100 97
431101 6
4311300 99
4311301 1
441200 1
441201 98
4412300 3
4412301 99
44100 3
44101 99
441300 5
441301 88
44200 10
44201 87
442300 1
442301 94
44300 2
44301 89
443300 1
443301 74
44400 1
44401 71
444300 1
444301 63
44500 1
44501 59
445300 15
445301 46
44600 1
44601 57
446300 6
446301 47
44700 22
44701 42
447300 17
447301 39
44800 32
44801 28
448300 77
448301 13
44900 82
44901 1
449300 82
449301 1
441000 90
441001 4
4410300 87
4410301 1
441100 89
441101 6
4411300 91
4411301 12
451200 4
451201 89
4512300 1
4512301 99
45100 1
45101 88
451300 1
451301 99
45200 7
45201 99
452300 3
452301 97
45300 3
45301 91
453300 1
453301 80
45400 10
45401 75
454300 6
454301 68
45500 10
45501 51
455300 17
455301 58
45600 14
45601 50
456300 12
456301 55
45700 24
45701 31
457300 31
457301 26
45800 48
45801 27
458300 73
458301 9
45900 72
45901 17
459300 74
459301 13
451000 99
451001 15
4510300 99
4510301 11
451100 98
451101 1
4511300 99
4511301 1
461200 8
461201 94
4612300 1
4612301 99
46100 1
46101 99
461300 10
461301 89
46200 4
46201 94
462300 9
462301 81
46300 7
46301 83
463300 1
463301 76
46400 1
46401 68
464300 2
464301 71
46500 15
46501 53
465300 2
465301 45
46600 9
46601 55
466300 8
466301 44
46700 16
46701 31
467300 23
467301 23
46800 46
46801 25
468300 58
468301 15
46900 81
46901 1
469300 74
469301 13
461000 88
461001 1
4610300 94
4610301 6
461100 99
461101 1
4611300 90
4611301 1
471200 1
471201 90
4712300 3
4712301 99
47100 8
47101 95
471300 4
471301 92
47200 10
47201 86
472300 1
472301 88
47300 1
47301 93
473300 1
473301 92
47400 5
47401 72
474300 7
474301 66
47500 12
47501 62
475300 14
475301 49
47600 9
47601 57
476300 7
476301 58
47700 27
47701 35
477300 26
477301 28
47800 41
47801 35
478300 58
478301 3
47900 79
47901 9
479300 69
479301 6
471000 94
471001 8
4710300 87
4710301 1
471100 94
471101 13
4711300 96
4711301 5
511200 8
511201 99
5112300 4
5112301 99
51100 4
51101 94
511300 2
511301 89
51200 4
51201 97
512300 6
512301 83
51300 1
51301 89
513300 1
513301 93
51400 1
51401 76
514300 9
514301 64
51500 1
51501 62
515300 3
515301 48
51600 12
51601 47
516300 20
516301 39
51700 32
51701 41
517300 36
517301 26
51800 40
51801 23
518300 62
518301 14
51900 78
51901 2
519300 72
519301 10
511000 83
511001 8
5110300 99
5110301 2
511100 92
511101 1
5111300 99
5111301 1
521200 1
521201 96
5212300 6
5212301 99
52100 1
52101 99
521300 8
521301 99
52200 10
52201 99
522300 8
522301 83
52300 4
52301 87
523300 9
523301 92
52400 5
52401 65
524300 2
524301 65
52500 7
52501 59
525300 10
525301 57
52600 4
52601 52
526300 20
526301 58
52700 17
52701 46
527300 25
527301 27
52800 39
52801 20
528300 75
528301 18
52900 65
52901 15
529300 81
529301 10
521000 99
521001 15
5210300 87
5210301 3
521100 98
521101 10
5211300 99
5211301 9
531200 1
531201 91
5312300 1
5312301 99
53100 1
53101 98
531300 8
531301 99
53200 1
53201 92
532300 1
532301 99
53300 6
53301 78
533300 1
533301 79
53400 1
53401 74
534300 1
534301 56
53500 3
53501 64
535300 3
535301 49
53600 16
53601 50
536300 20
536301 53
53700 32
53701 39
537300 36
537301 31
53800 38
53801 18
538300 73
538301 20
53900 75
53901 8
539300 84
539301 6
531000 99
531001 9
5310300 87
5310301 1
531100 99
531101 11
5311300 98
5311301 1
541200 1
541201 99
5412300 1
5412301 99
54100 1
54101 87
541300 1
541301 99
54200 2
54201 96
542300 1
542301 99
54300 5
54301 82
543300 10
543301 77
54400 1
54401 79
544300 1
544301 55
54500 1
54501 67
545300 5
545301 61
54600 11
54601 41
546300 15
546301 50
54700 32
54701 36
547300 21
547301 29
54800 30
54801 25
548300 59
548301 11
54900 64
54901 16
549300 77
549301 11
541000 96
541001 2
5410300 93
5410301 1
541100 89
541101 2
5411300 98
5411301 7
551200 3
551201 90
5512300 2
5512301 99
55100 3
55101 93
551300 4
551301 99
55200 9
55201 88
552300 1
552301 97
55300 10
55301 84
553300 3
553301 88
55400 9
55401 66
554300 6
554301 54
55500 10
55501 63
555300 7
555301 53
55600 17
55601 45
556300 16
556301 46
55700 19
55701 49
557300 20
557301 23
55800 30
55801 32
558300 76
558301 7
55900 73
55901 8
559300 69
559301 6
551000 95
551001 10
5510300 91
5510301 14
551100 98
551101 7
5511300 99
5511301 7
561200 9
561201 93
5612300 1
5612301 99
56100 1
56101 88
561300 1
561301 99
56200 1
56201 98
562300 1
562301 85
56300 1
56301 94
563300 1
563301 78
56400 1
56401 78
564300 1
564301 59
56500 9
56501 60
565300 15
565301 62
56600 8
56601 50
566300 21
566301 55
56700 21
56701 33
567300 29
567301 32
56800 38
56801 21
568300 66
568301 17
56900 67
56901 8
569300 77
569301 3
561000 95
561001 1
5610300 87
5610301 5
561100 98
561101 8
5611300 99
5611301 2
571200 2
571201 96
5712300 4
5712301 99
57100 1
57101 96
571300 1
571301 99
57200 7
57201 85
572300 2
572301 89
57300 1
57301 86
573300 2
573301 80
57400 9
57401 71
574300 1
574301 64
57500 4
57501 52
575300 13
575301 58
57600 2
57601 55
576300 7
576301 49
57700 24
57701 41
577300 25
577301 37
57800 29
57801 30
578300 64
578301 21
57900 82
57901 9
579300 66
579301 1
571000 82
571001 16
5710300 95
5710301 2
571100 96
571101 2
5711300 96
5711301 3
611200 3
611201 99
6112300 1
6112301 99
61100 1
61101 92
611300 1
611301 99
61200 1
61201 96
612300 1
612301 86
61300 3
61301 79
613300 1
613301 93
61400 1
61401 78
614300 11
614301 62
61500 10
61501 63
615300 18
615301 44
61600 3
61601 55
616300 14
616301 42
61700 34
61701 43
617300 21
617301 29
61800 42
61801 21
618300 69
618301 6
61900 74
61901 4
619300 76
619301 8
611000 82
611001 1
6110300 99
6110301 1
611100 91
611101 13
6111300 90
6111301 7
621200 6
621201 99
6212300 8
6212301 99
62100 1
62101 99
621300 1
621301 96
62200 1
62201 97
622300 2
622301 81
62300 1
62301 83
623300 1
623301 77
62400 7
62401 65
624300 5
624301 54
62500 11
62501 50
625300 17
625301 62
62600 17
62601 56
626300 16
626301 52
62700 35
62701 32
627300 36
627301 30
62800 37
62801 34
628300 61
628301 20
62900 78
62901 5
629300 81
629301 7
621000 84
621001 12
6210300 99
6210301 7
621100 98
621101 1
6211300 99
6211301 7
631200 9
631201 95
6312300 9
6312301 93
63100 1
63101 99
631300 1
631301 89
63200 1
63201 99
632300 1
632301 99
63300 5
63301 93
633300 3
633301 75
63400 1
63401 62
634300 1
634301 69
63500 4
63501 64
635300 13
635301 54
63600 14
63601 46
636300 15
636301 48
63700 25
63701 37
637300 18
637301 38
63800 42
63801 36
638300 61
638301 11
63900 79
63901 13
639300 70
639301 5
631000 90
631001 9
6310300 99
6310301 2
631100 99
631101 1
6311300 99
6311301 1
641200 1
641201 99
6412300 1
6412301 97
64100 1
64101 93
641300 3
641301 99
64200 1
64201 85
642300 3
642301 90
64300 10
64301 79
643300 2
643301 80
64400 8
64401 64
644300 1
644301 55
64500 11
64501 54
645300 13
645301 59
64600 7
64601 43
646300 11
646301 47
64700 31
64701 50
647300 32
647301 29
64800 37
64801 23
648300 60
648301 18
64900 77
64901 13
649300 68
649301 7
641000 98
641001 10
6410300 89
6410301 8
641100 96
641101 1
6411300 99
6411301 8
651200 1
651201 99
6512300 10
6512301 99
65100 6
65101 93
651300 10
651301 90
65200 1
65201 95
652300 1
652301 96
65300 4
65301 82
653300 5
653301 91
65400 3
65401 77
654300 1
654301 72
65500 9
65501 66
655300 13
655301 55
65600 18
65601 48
656300 14
656301 50
65700 30
65701 46
657300 33
657301 26
65800 46
65801 27
658300 59
658301 14
65900 77
65901 14
659300 80
659301 1
651000 98
651001 1
6510300 99
6510301 1
651100 90
651101 1
6511300 92
6511301 1
661200 2
661201 91
6612300 5
6612301 99
66100 2
66101 91
661300 4
661301 99
66200 7
66201 95
662300 4
662301 89
66300 1
66301 87
663300 2
663301 75
66400 8
66401 64
664300 1
664301 55
66500 1
66501 55
665300 4
665301 44
66600 7
66601 44
666300 21
666301 54
66700 17
66701 40
667300 26
667301 28
66800 42
66801 28
668300 75
668301 12
66900 73
66901 8
669300 67
669301 7
661000 99
661001 1
6610300 95
6610301 13
661100 98
661101 9
6611300 91
6611301 1
671200 1
671201 99
6712300 10
6712301 99
67100 1
67101 94
671300 1
671301 87
67200 1
67201 97
672300 7
672301 81
67300 1
67301 82
673300 1
673301 90
67400 1
67401 67
674300 2
674301 57
67500 1
67501 50
675300 10
675301 55
67600 5
67601 60
676300 8
676301 50
67700 21
67701 44
677300 32
677301 40
67800 37
67801 33
678300 73
678301 18
67900 67
67901 3
679300 85
679301 6
671000 99
671001 1
6710300 88
6710301 1
671100 95
671101 8
6711300 99
6711301 1
711200 1
711201 98
7112300 1
7112301 99
71100 5
71101 93
711300 1
711301 97
71200 5
71201 92
712300 1
712301 87
71300 1
71301 89
713300 1
713301 77
71400 1
71401 69
714300 1
714301 57
71500 8
71501 50
715300 10
715301 46
71600 8
71601 55
716300 15
716301 44
71700 26
71701 40
717300 32
717301 34
71800 44
71801 25
718300 64
718301 7
71900 64
71901 15
719300 81
719301 4
711000 81
711001 8
7110300 99
7110301 12
711100 99
711101 10
7111300 95
7111301 4
721200 1
721201 89
7212300 9
7212301 97
72100 1
72101 99
721300 1
721301 89
72200 7
72201 93
722300 1
722301 95
72300 1
72301 82
723300 1
723301 90
72400 1
72401 76
724300 1
724301 67
72500 1
72501 69
725300 1
725301 57
72600 10
72601 54
726300 4
726301 51
72700 16
72701 38
727300 28
727301 38
72800 38
72801 23
728300 60
728301 8
72900 64
72901 5
729300 71
729301 9
721000 98
721001 1
7210300 88
7210301 3
721100 99
721101 1
7211300 99
7211301 1
731200 1
731201 95
7312300 7
7312301 99
73100 4
73101 87
731300 5
731301 99
73200 1
73201 99
732300 2
732301 85
73300 1
73301 91
733300 8
733301 93
73400 7
73401 74
734300 1
734301 72
73500 6
73501 64
735300 10
735301 52
73600 1
73601 44
736300 17
736301 50
73700 23
73701 46
737300 23
737301 29
73800 46
73801 23
738300 71
738301 5
73900 68
73901 6
739300 74
739301 12
731000 97
731001 11
7310300 86
7310301 1
731100 99
731101 12
7311300 99
7311301 12
741200 1
741201 90
7412300 1
7412301 90
74100 9
74101 94
741300 9
741301 99
74200 1
74201 93
742300 1
742301 83
74300 1
74301 78
743300 2
743301 77
74400 6
74401 67
744300 1
744301 61
74500 2
74501 52
745300 5
745301 63
74600 7
74601 52
746300 5
746301 48
74700 28
74701 48
747300 21
747301 27
74800 46
74801 31
748300 58
748301 18
74900 78
74901 17
749300 71
749301 16
741000 97
741001 15
7410300 87
7410301 4
741100 91
741101 5
7411300 89
7411301 2
751200 10
751201 94
7512300 1
7512301 94
75100 4
75101 96
751300 1
751301 99
75200 8
75201 87
752300 1
752301 82
75300 3
75301 79
753300 1
753301 88
75400 1
75401 70
754300 1
754301 62
75500 3
75501 63
755300 12
755301 63
75600 11
75601 44
756300 6
756301 57
75700 29
75701 34
757300 30
757301 23
75800 47
75801 22
758300 61
758301 11
75900 73
75901 12
759300 76
759301 5
751000 85
751001 1
7510300 86
7510301 6
751100 99
751101 12
7511300 99
7511301 10
761200 5
761201 99
7612300 1
7612301 90
76100 8
76101 94
761300 1
761301 95
76200 7
76201 94
762300 1
762301 89
76300 1
76301 82
763300 6
763301 74
76400 4
76401 63
764300 1
764301 68
76500 7
76501 59
765300 1
765301 59
76600 11
76601 57
766300 10
766301 55
76700 33
76701 38
767300 17
767301 37
76800 31
76801 26
768300 61
768301 16
76900 70
76901 4
769300 73
769301 17
761000 86
761001 7
7610300 99
7610301 5
761100 92
761101 1
7611300 96
7611301 1
771200 2
771201 94
7712300 5
7712301 99
77100 1
77101 95
771300 1
771301 90
77200 3
77201 90
772300 10
772301 83
77300 6
77301 85
773300 8
773301 93
77400 2
77401 81
774300 8
774301 71
77500 1
77501 53
775300 9
775301 58
77600 10
77601 45
776300 18
776301 47
77700 33
77701 31
777300 22
777301 24
77800 31
77801 23
778300 60
778301 22
77900 67
77901 3
779300 79
779301 12
771000 93
771001 1
7710300 99
7710301 1
771100 91
771101 1
7711300 99
7711301 10
811200 3
811201 90
8112300 1
8112301 99
81100 10
81101 99
811300 1
811301 91
81200 1
81201 93
812300 2
812301 82
81300 9
81301 83
813300 1
813301 86
81400 5
81401 76
814300 1
814301 64
81500 5
81501 53
815300 6
815301 49
81600 1
81601 56
816300 8
816301 50
81700 29
81701 50
817300 32
817301 30
81800 31
81801 28
818300 69
818301 9
81900 73
81901 2
819300 72
819301 1
811000 84
811001 11
8110300 99
8110301 1
811100 99
811101 4
8111300 91
8111301 1
821200 6
821201 99
8212300 1
8212301 99
82100 4
82101 95
821300 1
821301 92
82200 1
82201 84
822300 8
822301 81
82300 1
82301 96
823300 1
823301 81
82400 4
82401 69
824300 1
824301 55
82500 1
82501 68
825300 8
825301 58
82600 10
82601 43
826300 5
826301 46
82700 26
82701 45
827300 21
827301 40
82800 33
82801 19
828300 75
828301 12
82900 82
82901 12
829300 74
829301 11
821000 97
821001 14
8210300 95
8210301 1
821100 99
821101 2
8211300 99
8211301 2
831200 7
831201 89
8312300 1
8312301 93
83100 6
83101 87
831300 6
831301 99
83200 1
83201 94
832300 10
832301 86
83300 2
83301 95
833300 10
833301 74
83400 7
83401 68
834300 3
834301 62
83500 14
83501 64
835300 10
835301 50
83600 14
83601 42
836300 14
836301 39
83700 31
83701 44
837300 20
837301 29
83800 47
83801 36
838300 71
838301 10
83900 67
83901 9
839300 72
839301 12
831000 90
831001 11
8310300 99
8310301 1
831100 99
831101 2
8311300 99
8311301 2
841200 3
841201 93
8412300 5
8412301 99
84100 3
84101 90
841300 1
841301 95
84200 1
84201 83
842300 10
842301 82
84300 1
84301 81
843300 8
843301 86
84400 1
84401 73
844300 1
844301 59
84500 3
84501 67
845300 7
845301 61
84600 5
84601 52
846300 2
846301 52
84700 34
84701 37
847300 25
847301 24
84800 30
84801 36
848300 72
848301 12
84900 79
84901 10
849300 67
849301 1
841000 92
841001 5
8410300 94
8410301 8
841100 92
841101 4
8411300 92
8411301 8
851200 9
851201 95
8512300 1
8512301 94
85100 1
85101 99
851300 1
851301 97
85200 1
85201 87
852300 1
852301 96
85300 1
85301 85
853300 5
853301 81
85400 1
85401 62
854300 6
854301 70
85500 1
85501 53
855300 3
855301 61
85600 5
85601 45
856300 15
856301 45
85700 17
85701 50
857300 22
857301 24
85800 47
85801 29
858300 74
858301 13
85900 82
85901 15
859300 71
859301 17
851000 83
851001 8
8510300 99
8510301 1
851100 99
851101 12
8511300 96
8511301 8
861200 7
861201 97
8612300 1
8612301 99
86100 1
86101 90
861300 1
861301 99
86200 8
86201 89
862300 5
862301 88
86300 3
86301 87
863300 7
863301 88
86400 1
86401 64
864300 11
864301 60
86500 1
86501 51
865300 2
865301 44
86600 14
86601 54
866300 4
866301 39
86700 24
86701 41
867300 29
867301 39
86800 29
86801 23
868300 62
868301 10
86900 66
86901 11
869300 84
869301 1
861000 99
861001 5
8610300 90
8610301 1
861100 99
861101 13
8611300 90
8611301 8
871200 1
871201 91
8712300 1
8712301 96
87100 1
87101 89
871300 1
871301 88
87200 1
87201 94
872300 1
872301 97
87300 7
87301 88
873300 3
873301 88
87400 9
87401 69
874300 1
874301 69
87500 10
87501 55
875300 3
875301 49
87600 3
87601 51
876300 3
876301 43
87700 20
87701 31
877300 28
877301 26
87800 48
87801 23
878300 62
878301 14
87900 77
87901 8
879300 84
879301 15
871000 87
871001 15
8710300 90
8710301 14
871100 98
871101 1
8711300 94
8711301 3
911200 1
911201 96
9112300 1
9112301 99
91100 1
91101 99
911300 3
911301 99
91200 8
91201 99
912300 6
912301 85
91300 1
91301 86
913300 10
913301 80
91400 8
91401 68
914300 1
914301 67
91500 16
91501 52
915300 18
915301 59
91600 2
91601 57
916300 3
916301 44
91700 17
91701 35
917300 29
917301 31
91800 47
91801 25
918300 77
918301 21
91900 75
91901 13
919300 77
919301 1
911000 96
911001 1
9110300 87
9110301 13
911100 99
911101 10
9111300 99
9111301 1
921200 1
921201 99
9212300 1
9212301 96
92100 9
92101 99
921300 1
921301 99
92200 1
92201 85
922300 10
922301 81
92300 9
92301 87
923300 1
923301 85
92400 1
92401 78
924300 9
924301 63
92500 7
92501 69
925300 10
925301 52
92600 10
92601 50
926300 7
926301 57
92700 27
92701 45
927300 26
927301 34
92800 46
92801 29
928300 67
928301 11
92900 79
92901 16
929300 82
929301 2
921000 93
921001 11
9210300 94
9210301 1
921100 99
921101 13
9211300 99
9211301 1
931200 5
931201 95
9312300 3
9312301 96
93100 9
93101 88
931300 10
931301 98
93200 10
93201 98
932300 1
932301 98
93300 6
93301 85
933300 1
933301 79
93400 9
93401 67
934300 5
934301 70
93500 1
93501 65
935300 6
935301 46
93600 8
93601 45
936300 16
936301 44
93700 35
93701 36
937300 25
937301 38
93800 46
93801 24
938300 71
938301 9
93900 75
93901 13
939300 77
939301 8
931000 89
931001 7
9310300 95
9310301 13
931100 89
931101 11
9311300 95
9311301 10
941200 1
941201 99
9412300 4
9412301 91
94100 1
94101 99
941300 1
941301 99
94200 10
94201 88
942300 1
942301 87
94300 1
94301 91
943300 1
943301 92
94400 3
94401 68
944300 1
944301 60
94500 4
94501 53
945300 16
945301 61
94600 2
94601 42
946300 9
946301 41
94700 25
94701 40
947300 21
947301 31
94800 30
94801 18
948300 74
948301 7
94900 70
94901 11
949300 68
949301 10
941000 94
941001 2
9410300 99
9410301 3
941100 99
941101 7
9411300 96
9411301 1
951200 1
951201 93
9512300 7
9512301 95
95100 1
95101 98
951300 1
951301 95
95200 1
95201 88
952300 1
952301 83
95300 1
95301 95
953300 6
953301 91
95400 2
95401 64
954300 11
954301 68
95500 6
95501 66
955300 1
955301 48
95600 12
95601 48
956300 6
956301 46
95700 21
95701 32
957300 29
957301 40
95800 32
95801 21
958300 62
958301 20
95900 63
95901 3
959300 70
959301 1
951000 82
951001 5
9510300 99
9510301 7
951100 99
951101 2
9511300 99
9511301 9
961200 1
961201 99
9612300 1
9612301 99
96100 5
96101 99
961300 6
961301 91
96200 1
96201 83
962300 6
962301 84
96300 9
96301 91
963300 5
963301 74
96400 4
96401 80
964300 1
964301 66
96500 14
96501 56
965300 10
965301 62
96600 17
96601 41
966300 3
966301 45
96700 28
96701 49
967300 23
967301 35
96800 45
96801 32
968300 76
968301 17
96900 65
96901 10
969300 80
969301 4
961000 85
961001 1
9610300 87
9610301 1
961100 90
961101 12
9611300 95
9611301 1
971200 6
971201 99
9712300 1
9712301 89
97100 1
97101 99
971300 10
971301 89
97200 1
97201 96
972300 1
972301 93
97300 1
97301 80
973300 1
973301 90
97400 10
97401 67
974300 1
974301 71
97500 1
97501 67
975300 12
975301 50
97600 1
97601 51
976300 7
976301 40
97700 29
97701 35
977300 25
977301 30
97800 35
97801 26
978300 75
978301 14
97900 64
97901 11
979300 76
979301 1
971000 85
971001 1
9710300 90
9710301 2
971100 92
971101 10
9711300 98
9711301 1
1011200 7
1011201 97
10112300 1
10112301 90
101100 1
101101 99
1011300 1
1011301 99
101200 1
101201 93
1012300 1
1012301 91
101300 1
101301 90
1013300 8
1013301 90
101400 9
101401 80
1014300 1
1014301 63
101500 3
101501 60
1015300 13
1015301 48
101600 8
101601 48
1016300 17
1016301 53
101700 19
101701 37
1017300 36
1017301 26
101800 31
101801 27
1018300 70
1018301 12
101900 73
101901 5
1019300 72
1019301 9
1011000 91
1011001 5
10110300 88
10110301 5
1011100 96
1011101 1
10111300 99
10111301 1
1021200 10
1021201 99
10212300 1
10212301 90
102100 7
102101 90
1021300 2
1021301 90
102200 1
102201 94
1022300 1
1022301 92
102300 1
102301 96
1023300 9
1023301 86
102400 9
102401 77
1024300 3
1024301 67
102500 2
102501 59
1025300 5
1025301 47
102600 10
102601 43
1026300 2
1026301 50
102700 25
102701 50
1027300 25
1027301 42
102800 46
102801 30
1028300 66
1028301 17
102900 64
102901 3
1029300 68
1029301 1
1021000 88
1021001 1
10210300 99
10210301 2
1021100 99
1021101 11
10211300 89
10211301 1
1031200 4
1031201 99
10312300 1
10312301 99
103100 1
103101 94
1031300 7
1031301 92
103200 8
103201 92
1032300 8
1032301 86
103300 1
103301 77
1033300 6
1033301 87
103400 1
103401 80
1034300 1
1034301 62
103500 1
103501 61
1035300 2
1035301 54
103600 3
103601 60
1036300 20
1036301 53
103700 31
103701 47
1037300 18
1037301 41
103800 40
103801 35
1038300 64
1038301 15
103900 65
103901 14
1039300 80
1039301 13
1031000 99
1031001 13
10310300 99
10310301 12
1031100 99
1031101 3
10311300 90
10311301 1
1041200 1
1041201 94
10412300 1
10412301 99
104100 10
104101 99
1041300 8
1041301 86
104200 1
104201 90
1042300 10
1042301 96
104300 1
104301 83
1043300 1
1043301 90
104400 1
104401 73
1044300 1
1044301 55
104500 7
104501 50
1045300 5
1045301 51
104600 9
104601 42
1046300 2
1046301 41
104700 25
104701 32
1047300 23
1047301 39
104800 33
104801 19
1048300 58
1048301 7
104900 63
104901 7
1049300 69
1049301 7
1041000 95
1041001 2
10410300 93
10410301 10
1041100 99
1041101 13
10411300 93
10411301 1
1051200 1
1051201 99
10512300 9
10512301 99
105100 1
105101 99
1051300 1
1051301 99
105200 1
105201 87
1052300 10
1052301 88
105300 1
105301 90
1053300 1
1053301 86
105400 1
105401 71
1054300 1
1054301 65
105500 14
105501 55
1055300 8
1055301 51
105600 15
105601 56
1056300 18
1056301 44
105700 33
105701 43
1057300 33
1057301 25
105800 38
105801 32
1058300 77
1058301 17
105900 73
105901 13
1059300 72
1059301 6
1051000 97
1051001 4
10510300 92
10510301 1
1051100 91
1051101 5
10511300 99
10511301 1
1061200 1
1061201 99
10612300 8
10612301 99
106100 1
106101 98
1061300 1
1061301 97
106200 1
106201 89
1062300 1
1062301 84
106300 1
106301 90
1063300 1
1063301 75
106400 3
106401 69
1064300 1
1064301 58
106500 16
106501 57
1065300 5
1065301 55
106600 6
106601 49
1066300 6
1066301 55
106700 32
106701 41
1067300 29
1067301 29
106800 40
106801 35
1068300 73
1068301 22
106900 75
106901 4
1069300 81
1069301 1
1061000 93
1061001 4
10610300 90
10610301 1
1061100 95
1061101 11
10611300 99
10611301 1
1071200 1
1071201 94
10712300 7
10712301 99
107100 3
107101 99
1071300 1
1071301 90
107200 2
107201 85
1072300 1
1072301 99
107300 1
107301 85
1073300 1
1073301 77
107400 4
107401 65
1074300 1
1074301 71
107500 12
107501 52
1075300 18
1075301 48
107600 8
107601 49
1076300 17
1076301 58
107700 27
107701 44
1077300 21
1077301 37
107800 40
107801 31
1078300 72
1078301 22
107900 71
107901 5
1079300 70
1079301 6
1071000 93
1071001 1
10710300 89
10710301 8
1071100 92
1071101 1
10711300 99
10711301 1
1111200 5
1111201 97
11112300 1
11112301 99
111100 1
111101 99
1111300 9
1111301 97
111200 5
111201 99
1112300 1
1112301 97
111300 1
111301 92
1113300 4
1113301 75
111400 1
111401 69
1114300 8
1114301 71
111500 16
111501 57
1115300 5
1115301 47
111600 16
111601 46
1116300 16
1116301 57
111700 25
111701 33
1117300 32
1117301 38
111800 33
111801 29
1118300 72
1118301 11
111900 70
111901 13
1119300 68
1119301 7
1111000 92
1111001 1
11110300 92
11110301 9
1111100 98
1111101 12
11111300 99
11111301 1
1121200 10
1121201 92
11212300 3
11212301 99
112100 9
112101 90
1121300 1
1121301 87
112200 7
112201 96
1122300 1
1122301 99
112300 4
112301 84
1123300 1
1123301 90
112400 1
112401 69
1124300 9
1124301 66
112500 13
112501 67
1125300 9
1125301 44
112600 9
112601 51
1126300 3
1126301 53
112700 28
112701 37
1127300 17
1127301 30
112800 33
112801 33
1128300 68
1128301 5
112900 73
112901 14
1129300 73
1129301 5
1121000 95
1121001 13
11210300 99
11210301 2
1121100 99
1121101 11
11211300 96
11211301 10
1131200 1
1131201 99
11312300 1
11312301 99
113100 1
113101 99
1131300 1
1131301 87
113200 1
113201 93
1132300 1
1132301 93
113300 1
113301 89
1133300 8
1133301 84
113400 9
113401 78
1134300 8
1134301 65
113500 8
113501 57
1135300 9
1135301 60
113600 7
113601 54
1136300 8
1136301 56
113700 35
113701 44
1137300 26
1137301 39
113800 43
113801 34
1138300 61
1138301 13
113900 67
113901 20
1139300 81
1139301 15
1131000 82
1131001 15
11310300 99
11310301 1
1131100 99
1131101 8
11311300 99
11311301 1
1141200 1
1141201 93
11412300 1
11412301 96
114100 3
114101 92
1141300 1
1141301 99
114200 10
114201 93
1142300 1
1142301 82
114300 1
114301 81
1143300 1
1143301 93
114400 1
114401 73
1144300 1
1144301 71
114500 6
114501 65
1145300 8
1145301 57
114600 11
114601 48
1146300 10
1146301 45
114700 27
114701 50
1147300 22
1147301 31
114800 30
114801 34
1148300 64
1148301 12
114900 74
114901 5
1149300 77
1149301 11
1141000 92
1141001 1
11410300 96
11410301 10
1141100 94
1141101 1
11411300 92
11411301 1
1151200 1
1151201 97
11512300 1
11512301 99
115100 1
115101 98
1151300 1
1151301 90
115200 1
115201 89
1152300 1
1152301 99
115300 1
115301 77
1153300 1
1153301 84
115400 10
115401 68
1154300 1
1154301 71
115500 12
115501 58
1155300 6
1155301 52
115600 5
115601 43
1156300 6
1156301 39
115700 29
115701 37
1157300 18
1157301 23
115800 36
115801 32
1158300 75
1158301 9
115900 64
115901 6
1159300 80
1159301 17
1151000 97
1151001 13
11510300 91
11510301 1
1151100 99
1151101 4
11511300 92
11511301 4
1161200 7
1161201 97
11612300 5
11612301 99
116100 1
116101 88
1161300 2
1161301 89
116200 7
116201 89
1162300 1
1162301 99
116300 3
116301 83
1163300 1
1163301 81
116400 1
116401 77
1164300 1
1164301 71
116500 5
116501 55
1165300 12
1165301 58
116600 1
116601 50
1166300 17
1166301 52
116700 30
116701 49
1167300 31
1167301 30
116800 47
116801 35
1168300 71
1168301 19
116900 66
116901 3
1169300 70
1169301 16
1161000 93
1161001 14
11610300 97
11610301 1
1161100 92
1161101 3
11611300 97
11611301 7
1171200 1
1171201 99
11712300 5
11712301 99
117100 8
117101 99
1171300 1
1171301 98
117200 8
117201 85
1172300 1
1172301 82
117300 1
117301 93
1173300 1
1173301 78
117400 1
117401 74
1174300 1
1174301 54
117500 1
117501 53
1175300 1
1175301 46
117600 9
117601 44
1176300 20
1176301 44
117700 17
117701 39
1177300 19
1177301 36
117800 48
117801 22
1178300 67
1178301 4
117900 81
117901 6
1179300 81
1179301 4
1171000 85
1171001 6
11710300 99
11710301 5
1171100 99
1171101 1
11711300 99
11711301 1
