011200 6
011201 99
0112300 1
0112301 99
01100 1
01101 99
011300 2
011301 93
01200 2
01201 87
012300 1
012301 86
01300 10
01301 80
013300 5
013301 74
01400 1
01401 63
014300 6
014301 56
01500 16
01501 55
015300 11
015301 51
01600 7
01601 49
016300 9
016301 54
01700 23
01701 31
017300 17
017301 26
01800 30
01801 33
018300 71
018301 8
01900 77
01901 18
019300 84
019301 1
011000 98
011001 16
0110300 86
0110301 8
011100 99
011101 2
0111300 99
0111301 1
021200 10
021201 92
0212300 8
0212301 99
02100 4
02101 89
021300 1
021301 99
02200 1
02201 86
022300 1
022301 96
02300 4
02301 84
023300 1
023301 91
02400 2
02401 66
024300 7
024301 62
02500 1
02501 58
025300 11
025301 63
02600 8
02601 52
026300 12
026301 54
02700 18
02701 38
027300 36
027301 32
02800 38
02801 26
028300 70
028301 8
02900 82
02901 2
029300 66
029301 16
021000 83
021001 1
0210300 99
0210301 12
021100 96
021101 9
0211300 99
0211301 1
031200 1
031201 98
0312300 3
0312301 98
03100 2
03101 99
031300 10
031301 87
03200 6
03201 95
032300 1
032301 87
03300 5
03301 88
033300 1
033301 79
03400 8
03401 81
034300 1
034301 59
03500 6
03501 54
035300 1
035301 61
03600 7
03601 47
036300 6
036301 54
03700 20
03701 40
037300 20
037301 29
03800 47
03801 23
038300 72
038301 8
03900 79
03901 16
039300 78
039301 1
031000 99
031001 16
0310300 92
0310301 6
031100 96
031101 11
0311300 90
0311301 1
041200 1
041201 99
0412300 3
0412301 98
04100 1
04101 90
041300 10
041301 98
04200 1
04201 86
042300 10
042301 93
04300 1
04301 94
043300 1
043301 74
04400 1
04401 65
044300 1
044301 68
04500 1
04501 51
045300 6
045301 49
04600 9
04601 60
046300 18
046301 42
04700 31
04701 45
047300 25
047301 26
04800 35
04801 36
048300 68
048301 20
04900 77
04901 5
049300 82
049301 9
041000 96
041001 1
0410300 96
0410301 3
041100 92
041101 12
0411300 89
0411301 1
051200 1
051201 99
0512300 1
0512301 99
05100 8
05101 94
051300 1
051301 93
05200 3
05201 84
052300 10
052301 98
05300 1
05301 83
053300 1
053301 87
05400 6
05401 70
054300 9
054301 55
05500 14
05501 60
055300 14
055301 50
05600 3
05601 56
056300 20
056301 42
05700 25
05701 40
057300 33
057301 27
05800 36
05801 28
058300 76
058301 14
05900 63
05901 20
059300 67
059301 17
051000 96
051001 1
0510300 92
0510301 2
051100 99
051101 1
0511300 99
0511301 1
061200 6
061201 99
0612300 9
0612301 95
06100 1
06101 88
061300 2
061301 92
06200 10
06201 99
062300 9
062301 81
06300 6
06301 77
063300 7
063301 81
06400 3
06401 76
064300 2
064301 67
06500 5
06501 55
065300 1
065301 49
06600 13
06601 49
066300 19
066301 50
06700 26
06701 32
067300 35
067301 30
06800 33
06801 30
068300 61
068301 3
06900 75
06901 5
069300 77
069301 8
061000 82
061001 1
0610300 91
0610301 1
061100 99
061101 1
0611300 89
0611301 10
071200 8
071201 92
0712300 1
0712301 93
07100 1
07101 91
071300 8
071301 99
07200 1
07201 99
072300 1
072301 82
07300 1
07301 90
073300 4
073301 87
07400 7
07401 68
074300 10
074301 62
07500 14
07501 68
075300 10
075301 56
07600 17
07601 49
076300 16
076301 49
07700 20
07701 47
077300 33
077301 37
07800 35
07801 21
078300 73
078301 21
07900 82
07901 5
079300 77
079301 10
071000 90
071001 9
0710300 88
0710301 7
071100 96
071101 12
0711300 99
0711301 10
111200 1
111201 99
1112300 3
1112301 91
11100 1
11101 99
111300 10
111301 99
11200 1
11201 99
112300 1
112301 91
11300 4
11301 93
113300 3
113301 81
11400 9
11401 69
114300 1
114301 66
11500 16
11501 65
115300 14
115301 49
11600 10
11601 42
116300 14
116301 47
11700 28
11701 50
117300 24
117301 32
11800 37
11801 30
118300 74
118301 8
11900 73
11901 20
119300 66
119301 1
111000 81
111001 2
1110300 94
1110301 1
111100 97
111101 11
1111300 90
1111301 11
121200 1
121201 99
1212300 2
1212301 99
12100 7
12101 98
121300 5
121301 99
12200 1
12201 96
122300 1
122301 99
12300 9
12301 96
123300 1
123301 80
12400 1
12401 70
124300 2
124301 70
12500 6
12501 58
125300 14
125301 52
12600 1
12601 49
126300 9
126301 58
12700 32
12701 49
127300 18
127301 28
12800 30
12801 17
128300 58
128301 11
12900 64
12901 13
129300 85
129301 1
121000 96
121001 5
1210300 99
1210301 10
121100 91
121101 3
1211300 99
1211301 3
131200 10
131201 95
1312300 7
1312301 99
13100 1
13101 91
131300 1
131301 99
13200 9
13201 90
132300 5
132301 83
13300 1
13301 93
133300 1
133301 76
13400 10
13401 69
134300 1
134301 63
13500 14
13501 57
135300 3
135301 50
13600 14
13601 48
136300 11
136301 46
13700 24
13701 41
137300 19
137301 35
13800 32
13801 35
138300 58
138301 7
13900 66
13901 2
139300 78
139301 1
131000 81
131001 4
1310300 99
1310301 3
131100 99
131101 2
1311300 99
1311301 1
141200 1
141201 93
1412300 1
1412301 99
14100 1
14101 89
141300 1
141301 99
14200 8
14201 98
142300 1
142301 95
14300 1
14301 87
143300 5
143301 91
14400 4
14401 76
144300 7
144301 72
14500 17
14501 52
145300 10
145301 49
14600 4
14601 54
146300 3
146301 48
14700 35
14701 48
147300 35
147301 38
14800 29
14801 18
148300 73
148301 14
14900 77
14901 10
149300 73
149301 1
141000 96
141001 16
1410300 93
1410301 5
141100 94
141101 1
1411300 95
1411301 1
151200 2
151201 98
1512300 1
1512301 89
15100 1
15101 88
151300 6
151301 98
15200 1
15201 87
152300 6
152301 89
15300 7
15301 87
153300 1
153301 79
15400 1
15401 79
154300 4
154301 72
15500 11
15501 69
155300 5
155301 48
15600 11
15601 60
156300 11
156301 44
15700 18
15701 34
157300 27
157301 24
15800 35
15801 20
158300 64
158301 21
15900 66
15901 1
159300 71
159301 1
151000 99
151001 7
1510300 88
1510301 1
151100 98
151101 4
1511300 94
1511301 10
161200 3
161201 89
1612300 9
1612301 99
16100 6
16101 99
161300 9
161301 98
16200 1
16201 88
162300 1
162301 97
16300 7
16301 80
163300 7
163301 81
16400 1
16401 62
164300 1
164301 54
16500 2
16501 54
165300 9
165301 47
16600 14
16601 55
166300 19
166301 41
16700 20
16701 41
167300 19
167301 30
16800 37
16801 20
168300 65
168301 6
16900 78
16901 15
169300 67
169301 8
161000 82
161001 1
1610300 89
1610301 3
161100 92
161101 5
1611300 99
1611301 6
171200 1
171201 99
1712300 9
1712301 99
17100 9
17101 98
171300 1
171301 99
17200 1
17201 99
172300 1
172301 98
17300 2
17301 87
173300 1
173301 88
17400 1
17401 67
174300 1
174301 68
17500 4
17501 68
175300 9
175301 49
17600 2
17601 50
176300 11
176301 57
17700 26
17701 45
177300 31
177301 39
17800 30
17801 25
178300 59
178301 22
17900 65
17901 7
179300 74
179301 12
171000 99
171001 8
1710300 99
1710301 1
171100 99
171101 1
1711300 99
1711301 1
211200 1
211201 91
2112300 7
2112301 99
21100 8
21101 99
211300 1
211301 96
21200 1
21201 91
212300 5
212301 97
21300 1
21301 80
213300 1
213301 88
21400 8
21401 74
214300 6
214301 59
21500 4
21501 69
215300 16
215301 58
21600 9
21601 45
216300 11
216301 51
21700 31
21701 48
217300 21
217301 40
21800 48
21801 26
218300 62
218301 21
21900 76
21901 20
219300 72
219301 5
211000 99
211001 7
2110300 97
2110301 11
211100 99
211101 1
2111300 95
2111301 1
221200 6
221201 99
2212300 7
2212301 99
22100 1
22101 99
221300 1
221301 89
22200 9
22201 95
222300 1
222301 99
22300 1
22301 90
223300 5
223301 89
22400 1
22401 76
224300 1
224301 68
22500 1
22501 62
225300 15
225301 47
22600 5
22601 41
226300 21
226301 53
22700 18
22701 48
227300 23
227301 33
22800 40
22801 19
228300 58
228301 14
22900 65
22901 19
229300 82
229301 5
221000 89
221001 1
2210300 89
2210301 2
221100 99
221101 13
2211300 91
2211301 8
231200 1
231201 96
2312300 1
2312301 99
23100 1
23101 87
231300 10
231301 94
23200 1
23201 93
232300 1
232301 88
23300 4
23301 94
233300 10
233301 75
23400 1
23401 64
234300 1
234301 69
23500 1
23501 55
235300 16
235301 53
23600 16
23601 58
236300 10
236301 40
23700 28
23701 35
237300 20
237301 38
23800 38
23801 22
238300 69
238301 16
23900 64
23901 5
239300 66
239301 14
231000 99
231001 13
2310300 99
2310301 1
231100 95
231101 1
2311300 99
2311301 1
241200 1
241201 99
2412300 2
2412301 99
24100 1
24101 99
241300 2
241301 93
24200 1
24201 90
242300 3
242301 99
24300 10
24301 92
243300 1
243301 77
24400 7
24401 65
244300 1
244301 56
24500 2
24501 51
245300 2
245301 59
24600 14
24601 44
246300 2
246301 45
24700 19
24701 38
247300 34
247301 27
24800 41
24801 19
248300 64
248301 15
24900 68
24901 9
249300 72
249301 5
241000 99
241001 12
2410300 99
2410301 1
241100 99
241101 4
2411300 89
2411301 11
251200 7
251201 96
2512300 1
2512301 99
25100 1
25101 99
251300 1
251301 93
25200 1
25201 99
252300 4
252301 99
25300 3
25301 84
253300 10
253301 79
25400 1
25401 80
254300 4
254301 70
25500 5
25501 60
255300 1
255301 54
25600 2
25601 46
256300 3
256301 40
25700 28
25701 41
257300 21
257301 27
25800 30
25801 36
258300 71
258301 22
25900 73
25901 2
259300 82
259301 10
251000 86
251001 16
2510300 99
2510301 13
251100 94
251101 9
2511300 99
2511301 10
261200 10
261201 99
2612300 9
2612301 92
26100 1
26101 93
261300 8
261301 99
26200 1
26201 99
262300 1
262301 92
26300 1
26301 89
263300 1
263301 75
26400 1
26401 81
264300 7
264301 68
26500 16
26501 56
265300 16
265301 46
26600 13
26601 42
266300 19
266301 42
26700 21
26701 34
267300 30
267301 30
26800 29
26801 35
268300 76
268301 4
26900 71
26901 16
269300 71
269301 7
261000 91
261001 1
2610300 99
2610301 5
261100 99
261101 1
2611300 97
2611301 1
271200 1
271201 94
2712300 1
2712301 92
27100 1
27101 94
271300 7
271301 99
27200 1
27201 91
272300 1
272301 86
27300 1
27301 84
273300 10
273301 76
27400 1
27401 77
274300 2
274301 67
27500 1
27501 68
275300 1
275301 57
27600 5
27601 45
276300 2
276301 42
27700 17
27701 49
277300 32
277301 41
27800 44
27801 22
278300 68
278301 12
27900 68
27901 11
279300 70
279301 3
271000 95
271001 5
2710300 96
2710301 1
271100 99
271101 6
2711300 98
2711301 1
311200 5
311201 99
3112300 8
3112301 90
31100 10
31101 99
311300 1
311301 99
31200 2
31201 90
312300 3
312301 99
31300 1
31301 91
313300 9
313301 81
31400 7
31401 73
314300 1
314301 66
31500 1
31501 54
315300 13
315301 55
31600 14
31601 58
316300 15
316301 52
31700 30
31701 41
317300 28
317301 24
31800 39
31801 27
318300 77
318301 20
31900 74
31901 10
319300 76
319301 14
311000 82
311001 2
3110300 90
3110301 1
311100 99
311101 3
3111300 99
3111301 1
321200 2
321201 91
3212300 4
3212301 97
32100 1
32101 90
321300 1
321301 96
32200 7
32201 87
322300 1
322301 90
32300 2
32301 96
323300 7
323301 90
32400 1
32401 65
324300 5
324301 57
32500 1
32501 68
325300 10
325301 52
32600 16
32601 50
326300 16
326301 55
32700 23
32701 38
327300 27
327301 30
32800 34
32801 24
328300 72
328301 11
32900 63
32901 13
329300 68
329301 15
321000 83
321001 9
3210300 86
3210301 1
321100 91
321101 3
3211300 99
3211301 1
331200 1
331201 95
3312300 5
3312301 90
33100 5
33101 99
331300 3
331301 96
33200 1
33201 91
332300 3
332301 83
33300 1
33301 77
333300 3
333301 79
33400 1
33401 79
334300 1
334301 59
33500 1
33501 69
335300 14
335301 54
33600 1
33601 58
336300 13
336301 52
33700 28
33701 32
337300 17
337301 37
33800 33
33801 27
338300 76
338301 3
33900 82
33901 7
339300 68
339301 1
331000 89
331001 1
3310300 99
3310301 4
331100 99
331101 6
3311300 93
3311301 3
341200 1
341201 99
3412300 7
3412301 97
34100 7
34101 88
341300 8
341301 91
34200 1
34201 99
342300 1
342301 81
34300 1
34301 94
343300 1
343301 85
34400 4
34401 68
344300 9
344301 59
34500 1
34501 68
345300 14
345301 48
34600 1
34601 60
346300 19
346301 40
34700 20
34701 40
347300 27
347301 42
34800 35
34801 28
348300 63
348301 13
34900 66
34901 20
349300 84
349301 13
341000 82
341001 6
3410300 86
3410301 2
341100 90
341101 5
3411300 89
3411301 1
351200 1
351201 95
3512300 3
3512301 92
35100 7
35101 99
351300 4
351301 92
35200 1
35201 98
352300 1
352301 98
35300 1
35301 89
353300 1
353301 83
35400 1
35401 67
354300 1
354301 68
35500 17
35501 58
355300 7
355301 52
35600 6
35601 43
356300 8
356301 55
35700 32
35701 44
357300 18
357301 42
35800 47
35801 34
358300 71
358301 21
35900 73
35901 19
359300 79
359301 9
351000 97
351001 13
3510300 97
3510301 9
351100 95
351101 11
3511300 99
3511301 1
361200 1
361201 99
3612300 5
3612301 95
36100 1
36101 99
361300 1
361301 99
36200 1
36201 93
362300 4
362301 85
36300 1
36301 86
363300 1
363301 92
36400 3
36401 69
364300 1
364301 67
36500 1
36501 51
365300 1
365301 56
36600 2
36601 45
366300 13
366301 54
36700 25
36701 41
367300 28
367301 41
36800 43
36801 30
368300 58
368301 11
36900 68
36901 13
369300 70
369301 1
361000 87
361001 11
3610300 97
3610301 1
361100 93
361101 7
3611300 99
3611301 11
371200 1
371201 94
3712300 3
3712301 99
37100 4
37101 98
371300 2
371301 96
37200 2
37201 96
372300 1
372301 85
37300 3
37301 94
373300 1
373301 87
37400 8
37401 70
374300 8
374301 70
37500 3
37501 55
375300 14
375301 56
37600 17
37601 54
376300 9
376301 55
37700 31
37701 48
377300 19
377301 36
37800 39
37801 20
378300 71
378301 13
37900 63
37901 7
379300 79
379301 5
371000 83
371001 9
3710300 98
3710301 1
371100 89
371101 1
3711300 90
3711301 1
411200 10
411201 99
4112300 1
4112301 99
41100 8
41101 94
411300 3
411301 99
41200 1
41201 99
412300 1
412301 89
41300 1
41301 79
413300 1
413301 78
41400 1
41401 78
414300 1
414301 57
41500 10
41501 59
415300 8
415301 57
41600 14
41601 54
416300 12
416301 46
41700 24
41701 34
417300 25
417301 41
41800 32
41801 32
418300 72
418301 13
41900 73
41901 16
419300 80
419301 1
411000 94
411001 1
4110300 99
4110301 10
411100 92
411101 13
4111300 94
4111301 11
421200 1
421201 92
4212300 1
4212301 99
42100 1
42101 90
421300 1
421301 99
42200 8
42201 94
422300 10
422301 90
42300 1
42301 81
423300 7
423301 82
42400 9
42401 80
424300 1
424301 71
42500 5
42501 53
425300 2
425301 54
42600 13
42601 50
426300 5
426301 55
42700 27
42701 31
427300 32
427301 29
42800 45
42801 24
428300 70
428301 11
42900 68
42901 11
429300 67
429301 16
421000 99
421001 1
4210300 99
4210301 9
421100 99
421101 4
4211300 99
4211301 6
431200 1
431201 89
4312300 4
4312301 93
43100 9
43101 92
431300 10
431301 96
43200 1
43201 99
432300 1
432301 88
43300 1
43301 82
433300 1
433301 87
43400 5
43401 71
434300 1
434301 68
43500 9
43501 52
435300 16
435301 56
43600 1
43601 46
436300 11
436301 41
43700 21
43701 34
437300 18
437301 40
43800 36
43801 24
438300 68
438301 13
43900 64
43901 14
439300 78
439301 3
431000 95
431001 1
4310300 99
4310301 5
431100 93
431101 7
4311300 99
4311301 1
441200 1
441201 91
4412300 1
4412301 99
44100 1
44101 99
441300 1
441301 99
44200 1
44201 89
442300 9
442301 85
44300 6
44301 78
443300 1
443301 79
44400 1
44401 69
444300 3
444301 65
44500 3
44501 51
445300 18
445301 63
44600 17
44601 60
446300 8
446301 58
44700 23
44701 36
447300 27
447301 28
44800 37
44801 33
448300 71
448301 9
44900 67
44901 4
449300 83
449301 5
441000 87
441001 4
4410300 99
4410301 1
441100 99
441101 11
4411300 99
4411301 5
451200 1
451201 99
4512300 4
4512301 92
45100 1
45101 99
451300 1
451301 98
45200 7
45201 90
452300 3
452301 95
45300 5
45301 84
453300 1
453301 80
45400 2
45401 76
454300 5
454301 66
45500 14
45501 68
455300 7
455301 57
45600 10
45601 50
456300 21
456301 56
45700 20
45701 44
457300 33
457301 28
45800 33
45801 24
458300 62
458301 16
45900 79
45901 3
459300 82
459301 5
451000 99
451001 13
4510300 99
4510301 2
451100 99
451101 1
4511300 99
4511301 1
461200 1
461201 96
4612300 5
4612301 93
46100 5
46101 88
461300 8
461301 99
46200 1
46201 88
462300 5
462301 89
46300 6
46301 81
463300 1
463301 91
46400 1
46401 73
464300 1
464301 60
46500 3
46501 58
465300 5
465301 51
46600 8
46601 56
466300 20
466301 49
46700 30
46701 42
467300 26
467301 23
46800 37
46801 25
468300 72
468301 11
46900 78
46901 18
469300 77
469301 1
461000 99
461001 3
4610300 97
4610301 9
461100 93
461101 3
4611300 96
4611301 3
471200 1
471201 99
4712300 1
4712301 97
47100 3
47101 97
471300 1
471301 99
47200 8
47201 86
472300 5
472301 89
47300 6
47301 90
473300 4
473301 74
47400 1
47401 78
474300 1
474301 63
47500 1
47501 68
475300 1
475301 45
47600 1
47601 41
476300 15
476301 43
47700 30
47701 47
477300 29
477301 34
47800 39
47801 29
478300 63
478301 12
47900 69
47901 13
479300 76
479301 5
471000 85
471001 11
4710300 96
4710301 11
471100 99
471101 5
4711300 89
4711301 2
511200 1
511201 99
5112300 10
5112301 99
51100 7
51101 98
511300 2
511301 97
51200 1
51201 95
512300 5
512301 90
51300 1
51301 78
513300 3
513301 90
51400 6
51401 66
514300 6
514301 62
51500 1
51501 64
515300 12
515301 47
51600 13
51601 44
516300 14
516301 41
51700 23
51701 50
517300 21
517301 23
51800 38
51801 22
518300 64
518301 11
51900 65
51901 2
519300 84
519301 14
511000 81
511001 16
5110300 95
5110301 1
511100 99
511101 1
5111300 96
5111301 1
521200 2
521201 92
5212300 1
5212301 99
52100 1
52101 99
521300 8
521301 95
52200 1
52201 83
522300 9
522301 91
52300 4
52301 79
523300 10
523301 77
52400 1
52401 80
524300 11
524301 66
52500 3
52501 64
525300 2
525301 57
52600 4
52601 48
526300 8
526301 58
52700 20
52701 36
527300 19
527301 35
52800 30
52801 23
528300 74
528301 15
52900 78
52901 8
529300 72
529301 1
521000 87
521001 3
5210300 90
5210301 1
521100 90
521101 2
5211300 99
5211301 8
531200 7
531201 99
5312300 1
5312301 99
53100 1
53101 96
531300 1
531301 98
53200 1
53201 92
532300 10
532301 91
53300 7
53301 78
533300 1
533301 74
53400 1
53401 65
534300 1
534301 69
53500 10
53501 55
535300 14
535301 56
53600 6
53601 45
536300 15
536301 51
53700 34
53701 40
537300 23
537301 38
53800 29
53801 29
538300 70
538301 21
53900 78
53901 6
539300 79
539301 14
531000 96
531001 1
5310300 89
5310301 6
531100 99
531101 1
5311300 99
5311301 10
541200 5
541201 99
5412300 5
5412301 95
54100 9
54101 88
541300 1
541301 99
54200 1
54201 99
542300 9
542301 88
54300 1
54301 87
543300 1
543301 88
54400 2
54401 80
544300 1
544301 66
54500 12
54501 50
545300 18
545301 52
54600 2
54601 47
546300 3
546301 42
54700 35
54701 33
547300 23
547301 30
54800 38
54801 17
548300 58
548301 7
54900 77
54901 16
549300 76
549301 1
541000 85
541001 11
5410300 90
5410301 1
541100 99
541101 1
5411300 99
5411301 8
551200 1
551201 94
5512300 1
5512301 97
55100 8
55101 99
551300 1
551301 99
55200 1
55201 94
552300 4
552301 88
55300 1
55301 89
553300 1
553301 75
55400 4
55401 64
554300 1
554301 63
55500 6
55501 61
555300 4
555301 50
55600 10
55601 50
556300 19
556301 44
55700 19
55701 37
557300 33
557301 26
55800 41
55801 31
558300 62
558301 16
55900 81
55901 19
559300 66
559301 16
551000 97
551001 13
5510300 93
5510301 11
551100 90
551101 13
5511300 97
5511301 8
561200 9
561201 93
5612300 9
5612301 93
56100 1
56101 96
561300 8
561301 93
56200 1
56201 91
562300 1
562301 93
56300 4
56301 83
563300 1
563301 76
56400 1
56401 76
564300 1
564301 61
56500 11
56501 68
565300 1
565301 55
56600 4
56601 60
566300 14
566301 54
56700 21
56701 40
567300 19
567301 31
56800 41
56801 26
568300 65
568301 10
56900 70
56901 5
569300 72
569301 9
561000 94
561001 1
5610300 99
5610301 1
561100 98
561101 1
5611300 99
5611301 1
571200 1
571201 94
5712300 4
5712301 97
57100 5
57101 99
571300 3
571301 93
57200 1
57201 99
572300 3
572301 91
57300 3
57301 77
573300 3
573301 76
57400 8
57401 79
574300 6
574301 57
57500 15
57501 54
575300 3
575301 47
57600 9
57601 50
576300 15
576301 43
57700 16
57701 40
577300 34
577301 41
57800 40
57801 21
578300 71
578301 19
57900 71
57901 12
579300 77
579301 11
571000 81
571001 16
5710300 86
5710301 1
571100 99
571101 5
5711300 99
5711301 1
611200 1
611201 99
6112300 9
6112301 90
61100 1
61101 91
611300 1
611301 99
61200 6
61201 86
612300 1
612301 89
61300 8
61301 92
613300 1
613301 91
61400 2
61401 76
614300 8
614301 63
61500 1
61501 59
615300 16
615301 61
61600 5
61601 53
616300 18
616301 50
61700 31
61701 44
617300 31
617301 37
61800 39
61801 22
618300 66
618301 6
61900 79
61901 19
619300 83
619301 17
611000 84
611001 5
6110300 97
6110301 10
611100 97
611101 1
6111300 96
6111301 8
621200 1
621201 93
6212300 5
6212301 92
62100 6
62101 87
621300 1
621301 88
62200 3
62201 91
622300 1
622301 96
62300 1
62301 85
623300 1
623301 77
62400 3
62401 72
624300 7
624301 58
62500 2
62501 57
625300 7
625301 49
62600 3
62601 51
626300 10
626301 42
62700 20
62701 31
627300 24
627301 39
62800 34
62801 23
628300 71
628301 19
62900 66
62901 3
629300 67
629301 13
621000 88
621001 7
6210300 99
6210301 11
621100 92
621101 4
6211300 90
6211301 1
631200 2
631201 99
6312300 1
6312301 96
63100 2
63101 92
631300 1
631301 96
63200 3
63201 93
632300 1
632301 85
63300 5
63301 78
633300 10
633301 85
63400 9
63401 69
634300 1
634301 55
63500 2
63501 56
635300 3
635301 62
63600 16
63601 47
636300 21
636301 51
63700 18
63701 38
637300 18
637301 33
63800 46
63801 31
638300 66
638301 6
63900 70
63901 5
639300 84
639301 1
631000 94
631001 1
6310300 86
6310301 1
631100 99
631101 1
6311300 92
6311301 9
641200 8
641201 99
6412300 1
6412301 99
64100 9
64101 99
641300 1
641301 94
64200 8
64201 99
642300 6
642301 90
64300 1
64301 89
643300 1
643301 80
64400 7
64401 76
644300 1
644301 72
64500 9
64501 53
645300 15
645301 45
64600 4
64601 53
646300 18
646301 43
64700 23
64701 31
647300 30
647301 31
64800 37
64801 26
648300 77
648301 5
64900 64
64901 13
649300 85
649301 12
641000 83
641001 16
6410300 99
6410301 1
641100 92
641101 1
6411300 91
6411301 1
651200 1
651201 99
6512300 1
6512301 99
65100 1
65101 96
651300 1
651301 95
65200 1
65201 99
652300 1
652301 87
65300 1
65301 84
653300 8
653301 80
65400 1
65401 73
654300 11
654301 65
65500 7
65501 56
655300 11
655301 46
65600 6
65601 58
656300 15
656301 52
65700 28
65701 43
657300 26
657301 39
65800 33
65801 18
658300 63
658301 18
65900 79
65901 12
659300 78
659301 9
651000 95
651001 9
6510300 93
6510301 14
651100 97
651101 7
6511300 91
6511301 1
661200 1
661201 99
6612300 1
6612301 99
66100 1
66101 91
661300 9
661301 99
66200 1
66201 94
662300 1
662301 92
66300 2
66301 80
663300 1
663301 89
66400 1
66401 74
664300 5
664301 68
66500 14
66501 69
665300 1
665301 63
66600 1
66601 53
666300 5
666301 58
66700 35
66701 49
667300 22
667301 23
66800 46
66801 34
668300 71
668301 6
66900 78
66901 5
669300 84
669301 13
661000 86
661001 1
6610300 88
6610301 14
661100 99
661101 12
6611300 99
6611301 1
671200 1
671201 92
6712300 8
6712301 99
67100 1
67101 94
671300 4
671301 98
67200 9
67201 92
672300 4
672301 83
67300 1
67301 90
673300 7
673301 92
67400 1
67401 76
674300 3
674301 62
67500 7
67501 63
675300 15
675301 45
67600 4
67601 50
676300 13
676301 50
67700 24
67701 44
677300 36
677301 31
67800 29
67801 20
678300 63
678301 12
67900 79
67901 16
679300 71
679301 14
671000 96
671001 1
6710300 98
6710301 9
671100 96
671101 4
6711300 91
6711301 1
711200 1
711201 89
7112300 4
7112301 99
71100 1
71101 96
711300 1
711301 93
71200 1
71201 93
712300 1
712301 96
71300 1
71301 89
713300 1
713301 93
71400 7
71401 74
714300 1
714301 60
71500 13
71501 57
715300 11
715301 60
71600 2
71601 51
716300 18
716301 55
71700 18
71701 35
717300 22
717301 32
71800 33
71801 20
718300 63
718301 8
71900 68
71901 20
719300 72
719301 3
711000 93
711001 1
7110300 88
7110301 9
711100 94
711101 10
7111300 99
7111301 7
721200 1
721201 99
7212300 1
7212301 96
72100 1
72101 99
721300 1
721301 98
72200 1
72201 99
722300 8
722301 83
72300 1
72301 92
723300 1
723301 87
72400 1
72401 77
724300 2
724301 62
72500 6
72501 66
725300 13
725301 44
72600 12
72601 41
726300 3
726301 51
72700 27
72701 46
727300 27
727301 41
72800 39
72801 33
728300 71
728301 10
72900 78
72901 3
729300 70
729301 13
721000 83
721001 15
7210300 92
7210301 7
721100 97
721101 6
7211300 96
7211301 1
731200 1
731201 99
7312300 1
7312301 89
73100 6
73101 99
731300 5
731301 87
73200 2
73201 94
732300 1
732301 98
73300 1
73301 96
733300 10
733301 85
73400 1
73401 64
734300 4
734301 56
73500 1
73501 55
735300 17
735301 57
73600 1
73601 45
736300 12
736301 50
73700 19
73701 44
737300 35
737301 35
73800 41
73801 33
738300 73
738301 5
73900 76
73901 5
739300 70
739301 4
731000 95
731001 10
7310300 98
7310301 1
731100 94
731101 11
7311300 97
7311301 1
741200 1
741201 94
7412300 10
7412301 91
74100 3
74101 93
741300 1
741301 90
74200 3
74201 84
742300 1
742301 91
74300 1
74301 93
743300 1
743301 87
74400 1
74401 78
744300 1
744301 67
74500 11
74501 59
745300 1
745301 56
74600 7
74601 45
746300 8
746301 51
74700 35
74701 37
747300 35
747301 33
74800 39
74801 27
748300 60
748301 13
74900 72
74901 6
749300 71
749301 5
741000 81
741001 1
7410300 99
7410301 9
741100 99
741101 7
7411300 95
7411301 6
751200 1
751201 93
7512300 1
7512301 97
75100 5
75101 89
751300 1
751301 87
75200 1
75201 99
752300 1
752301 88
75300 1
75301 88
753300 1
753301 80
75400 1
75401 70
754300 4
754301 59
75500 2
75501 58
755300 17
755301 48
75600 13
75601 57
756300 10
756301 41
75700 17
75701 44
757300 17
757301 37
75800 32
75801 26
758300 61
758301 22
75900 82
75901 19
759300 73
759301 1
751000 92
751001 12
7510300 99
7510301 6
751100 98
751101 1
7511300 99
7511301 1
761200 8
761201 96
7612300 3
7612301 99
76100 5
76101 99
761300 2
761301 99
76200 1
76201 90
762300 4
762301 83
76300 1
76301 93
763300 6
763301 92
76400 1
76401 65
764300 1
764301 58
76500 14
76501 66
765300 5
765301 54
76600 8
76601 59
766300 9
766301 54
76700 26
76701 44
767300 31
767301 35
76800 47
76801 35
768300 76
768301 12
76900 77
76901 16
769300 85
769301 3
761000 99
761001 4
7610300 88
7610301 1
761100 99
761101 1
7611300 98
7611301 3
771200 9
771201 99
7712300 1
7712301 91
77100 1
77101 92
771300 6
771301 96
77200 1
77201 93
772300 1
772301 99
77300 1
77301 77
773300 1
773301 88
77400 1
77401 70
774300 11
774301 65
77500 9
77501 56
775300 3
775301 44
77600 6
77601 48
776300 21
776301 58
77700 33
77701 39
777300 23
777301 27
77800 34
77801 21
778300 69
778301 10
77900 72
77901 17
779300 84
779301 17
771000 94
771001 15
7710300 96
7710301 12
771100 94
771101 4
7711300 99
7711301 1
811200 1
811201 99
8112300 4
8112301 96
81100 7
81101 91
811300 9
811301 94
81200 1
81201 91
812300 4
812301 81
81300 3
81301 87
813300 6
813301 85
81400 1
81401 70
814300 1
814301 58
81500 1
81501 58
815300 7
815301 55
81600 2
81601 50
816300 19
816301 44
81700 30
81701 33
817300 36
817301 26
81800 41
81801 32
818300 62
818301 5
81900 68
81901 2
819300 80
819301 2
811000 84
811001 16
8110300 87
8110301 7
811100 99
811101 1
8111300 99
8111301 1
821200 1
821201 99
8212300 5
8212301 94
82100 1
82101 98
821300 5
821301 92
82200 2
82201 87
822300 10
822301 93
82300 1
82301 94
823300 1
823301 78
82400 9
82401 64
824300 5
824301 70
82500 11
82501 52
825300 12
825301 60
82600 2
82601 47
826300 20
826301 54
82700 30
82701 48
827300 32
827301 38
82800 32
82801 31
828300 67
828301 17
82900 80
82901 17
829300 85
829301 7
821000 85
821001 1
8210300 86
8210301 9
821100 89
821101 6
8211300 99
8211301 11
831200 1
831201 99
8312300 7
8312301 91
83100 8
83101 87
831300 6
831301 98
83200 1
83201 95
832300 1
832301 84
83300 4
83301 89
833300 7
833301 84
83400 7
83401 74
834300 9
834301 66
83500 1
83501 56
835300 11
835301 50
83600 1
83601 47
836300 2
836301 43
83700 24
83701 37
837300 22
837301 32
83800 31
83801 23
838300 65
838301 20
83900 64
83901 15
839300 79
839301 10
831000 96
831001 11
8310300 98
8310301 8
831100 99
831101 10
8311300 99
8311301 1
841200 1
841201 99
8412300 3
8412301 95
84100 7
84101 99
841300 1
841301 98
84200 1
84201 96
842300 1
842301 85
84300 7
84301 80
843300 5
843301 81
84400 1
84401 69
844300 1
844301 58
84500 7
84501 57
845300 10
845301 50
84600 13
84601 53
846300 6
846301 43
84700 24
84701 36
847300 34
847301 33
84800 46
84801 22
848300 69
848301 4
84900 68
84901 12
849300 67
849301 15
841000 85
841001 1
8410300 91
8410301 11
841100 99
841101 3
8411300 99
8411301 1
851200 1
851201 99
8512300 1
8512301 96
85100 5
85101 94
851300 1
851301 88
85200 1
85201 87
852300 10
852301 84
85300 1
85301 94
853300 6
853301 85
85400 1
85401 76
854300 1
854301 67
85500 11
85501 62
855300 4
855301 52
85600 6
85601 53
856300 12
856301 48
85700 31
85701 49
857300 26
857301 23
85800 41
85801 29
858300 72
858301 6
85900 81
85901 9
859300 68
859301 8
851000 91
851001 1
8510300 99
8510301 1
851100 90
851101 7
8511300 96
8511301 1
861200 1
861201 92
8612300 1
8612301 95
86100 2
86101 99
861300 1
861301 89
86200 8
86201 84
862300 8
862301 86
86300 1
86301 89
863300 9
863301 92
86400 10
86401 64
864300 1
864301 58
86500 6
86501 54
865300 3
865301 60
86600 10
86601 47
866300 7
866301 42
86700 30
86701 48
867300 30
867301 41
86800 41
86801 29
868300 63
868301 9
86900 71
86901 19
869300 77
869301 7
861000 96
861001 8
8610300 93
8610301 1
861100 99
861101 1
8611300 96
8611301 1
871200 2
871201 99
8712300 1
8712301 91
87100 4
87101 89
871300 4
871301 92
87200 7
87201 91
872300 7
872301 98
87300 8
87301 78
873300 2
873301 79
87400 1
87401 67
874300 10
874301 59
87500 1
87501 55
875300 16
875301 52
87600 11
87601 47
876300 13
876301 57
87700 18
87701 40
877300 31
877301 32
87800 40
87801 33
878300 64
878301 13
87900 78
87901 1
879300 83
879301 15
871000 84
871001 12
8710300 93
8710301 5
871100 99
871101 11
8711300 99
8711301 1
911200 1
911201 93
9112300 4
9112301 95
91100 1
91101 90
911300 1
911301 99
91200 1
91201 95
912300 1
912301 93
91300 1
91301 78
913300 1
913301 92
91400 1
91401 66
914300 5
914301 64
91500 12
91501 66
915300 13
915301 50
91600 6
91601 52
916300 2
916301 54
91700 34
91701 42
917300 27
917301 26
91800 44
91801 35
918300 70
918301 10
91900 68
91901 13
919300 74
919301 9
911000 90
911001 8
9110300 99
9110301 13
911100 97
911101 6
9111300 89
9111301 1
921200 8
921201 99
9212300 1
9212301 99
92100 9
92101 99
921300 1
921301 99
92200 2
92201 89
922300 1
922301 84
92300 1
92301 77
923300 1
923301 80
92400 1
92401 70
924300 1
924301 63
92500 9
92501 55
925300 1
925301 45
92600 5
92601 44
926300 19
926301 46
92700 26
92701 39
927300 20
927301 37
92800 47
92801 21
928300 71
928301 14
92900 81
92901 15
929300 78
929301 9
921000 93
921001 6
9210300 91
9210301 4
921100 96
921101 2
9211300 99
9211301 1
931200 10
931201 96
9312300 1
9312301 98
93100 6
93101 99
931300 1
931301 99
93200 6
93201 90
932300 8
932301 99
93300 10
93301 95
933300 8
933301 76
93400 1
93401 81
934300 1
934301 72
93500 1
93501 62
935300 1
935301 55
93600 15
93601 47
936300 9
936301 50
93700 17
93701 35
937300 18
937301 27
93800 42
93801 20
938300 67
938301 22
93900 74
93901 15
939300 84
939301 1
931000 99
931001 12
9310300 99
9310301 10
931100 94
931101 10
9311300 99
9311301 6
941200 1
941201 99
9412300 3
9412301 89
94100 1
94101 95
941300 1
941301 99
94200 5
94201 86
942300 6
942301 82
94300 1
94301 86
943300 8
943301 85
94400 2
94401 74
944300 2
944301 63
94500 7
94501 52
945300 16
945301 48
94600 15
94601 47
946300 15
946301 56
94700 23
94701 34
947300 24
947301 41
94800 34
94801 17
948300 77
948301 5
94900 73
94901 10
949300 68
949301 1
941000 91
941001 5
9410300 87
9410301 10
941100 99
941101 1
9411300 99
9411301 5
951200 5
951201 94
9512300 2
9512301 94
95100 1
95101 99
951300 1
951301 96
95200 9
95201 89
952300 1
952301 91
95300 1
95301 77
953300 10
953301 93
95400 5
95401 73
954300 2
954301 53
95500 5
95501 54
955300 18
955301 52
95600 10
95601 50
956300 19
956301 41
95700 29
95701 32
957300 33
957301 36
95800 33
95801 27
958300 59
958301 4
95900 69
95901 5
959300 69
959301 1
951000 92
951001 11
9510300 99
9510301 1
951100 99
951101 1
9511300 99
9511301 2
961200 8
961201 96
9612300 2
9612301 99
96100 1
96101 99
961300 1
961301 90
96200 1
96201 93
962300 7
962301 85
96300 1
96301 93
963300 1
963301 86
96400 1
96401 76
964300 10
964301 69
96500 7
96501 60
965300 7
965301 46
96600 13
96601 50
966300 4
966301 58
96700 21
96701 32
967300 17
967301 38
96800 46
96801 31
968300 60
968301 17
96900 82
96901 5
969300 81
969301 7
961000 98
961001 8
9610300 99
9610301 1
961100 93
961101 11
9611300 91
9611301 4
971200 3
971201 99
9712300 1
9712301 92
97100 5
97101 93
971300 6
971301 88
97200 9
97201 95
972300 1
972301 94
97300 9
97301 91
973300 9
973301 77
97400 1
97401 63
974300 7
974301 60
97500 6
97501 56
975300 15
975301 63
97600 1
97601 53
976300 11
976301 45
97700 24
97701 36
977300 33
977301 41
97800 32
97801 19
978300 64
978301 15
97900 77
97901 7
979300 82
979301 1
971000 84
971001 1
9710300 94
9710301 1
971100 92
971101 10
9711300 99
9711301 3
1011200 1
1011201 96
10112300 7
10112301 92
101100 1
101101 90
1011300 6
1011301 98
101200 1
101201 94
1012300 1
1012301 81
101300 1
101301 94
1013300 1
1013301 92
101400 9
101401 76
1014300 1
1014301 56
101500 1
101501 56
1015300 8
1015301 47
101600 4
101601 50
1016300 15
1016301 47
101700 21
101701 49
1017300 17
1017301 32
101800 33
101801 31
1018300 69
1018301 5
101900 65
101901 15
1019300 78
1019301 6
1011000 89
1011001 3
10110300 96
10110301 2
1011100 94
1011101 2
10111300 99
10111301 5
1021200 1
1021201 93
10212300 8
10212301 99
102100 1
102101 98
1021300 1
1021301 89
102200 4
102201 88
1022300 7
1022301 82
102300 10
102301 79
1023300 6
1023301 93
102400 1
102401 67
1024300 5
1024301 68
102500 1
102501 59
1025300 1
1025301 59
102600 11
102601 44
1026300 17
1026301 54
102700 33
102701 35
1027300 33
1027301 32
102800 45
102801 35
1028300 64
1028301 14
102900 74
102901 18
1029300 76
1029301 8
1021000 88
1021001 1
10210300 92
10210301 1
1021100 99
1021101 1
10211300 99
10211301 1
1031200 1
1031201 94
10312300 5
10312301 99
103100 1
103101 92
1031300 8
1031301 96
103200 1
103201 88
1032300 6
1032301 93
103300 1
103301 83
1033300 4
1033301 79
103400 1
103401 72
1034300 1
1034301 56
103500 14
103501 68
1035300 18
1035301 53
103600 1
103601 52
1036300 10
1036301 45
103700 31
103701 47
1037300 35
1037301 36
103800 43
103801 32
1038300 77
1038301 15
103900 72
103901 16
1039300 71
1039301 6
1031000 95
1031001 9
10310300 99
10310301 10
1031100 99
1031101 1
10311300 93
10311301 1
1041200 1
1041201 99
10412300 3
10412301 93
104100 1
104101 91
1041300 1
1041301 91
104200 7
104201 95
1042300 3
1042301 90
104300 1
104301 77
1043300 1
1043301 82
104400 1
104401 79
1044300 1
1044301 57
104500 2
104501 65
1045300 5
1045301 46
104600 4
104601 42
1046300 10
1046301 53
104700 23
104701 43
1047300 34
1047301 28
104800 43
104801 35
1048300 69
1048301 3
104900 73
104901 16
1049300 71
1049301 10
1041000 90
1041001 13
10410300 98
10410301 14
1041100 99
1041101 2
10411300 99
10411301 11
1051200 9
1051201 99
10512300 1
10512301 99
105100 1
105101 99
1051300 1
1051301 93
105200 1
105201 91
1052300 1
1052301 90
105300 1
105301 96
1053300 1
1053301 75
105400 1
105401 63
1054300 3
1054301 68
105500 12
105501 50
1055300 1
1055301 50
105600 12
105601 47
1056300 16
1056301 46
105700 34
105701 38
1057300 34
1057301 40
105800 37
105801 26
1058300 70
1058301 19
105900 75
105901 14
1059300 83
1059301 13
1051000 88
1051001 5
10510300 88
10510301 1
1051100 89
1051101 1
10511300 99
10511301 1
1061200 1
1061201 99
10612300 4
10612301 89
106100 1
106101 99
1061300 5
1061301 99
106200 1
106201 95
1062300 1
1062301 91
106300 1
106301 78
1063300 1
1063301 82
106400 4
106401 68
1064300 4
1064301 60
106500 4
106501 69
1065300 12
1065301 58
106600 8
106601 54
1066300 19
1066301 57
106700 16
106701 48
1067300 35
1067301 38
106800 32
106801 29
1068300 64
1068301 21
106900 63
106901 4
1069300 83
1069301 11
1061000 92
1061001 4
10610300 99
10610301 1
1061100 94
1061101 1
10611300 91
10611301 8
1071200 1
1071201 89
10712300 9
10712301 99
107100 1
107101 96
1071300 2
1071301 99
107200 6
107201 90
1072300 1
1072301 94
107300 9
107301 89
1073300 6
1073301 88
107400 1
107401 63
1074300 3
1074301 71
107500 7
107501 50
1075300 1
1075301 56
107600 1
107601 45
1076300 11
1076301 44
107700 24
107701 50
1077300 34
1077301 25
107800 36
107801 17
1078300 60
1078301 9
107900 81
107901 6
1079300 79
1079301 1
1071000 81
1071001 1
10710300 99
10710301 3
1071100 99
1071101 1
10711300 99
10711301 1
1111200 10
1111201 95
11112300 1
11112301 97
111100 9
111101 93
1111300 1
1111301 89
111200 7
111201 85
1112300 1
1112301 90
111300 1
111301 86
1113300 4
1113301 82
111400 9
111401 64
1114300 1
1114301 63
111500 6
111501 68
1115300 1
1115301 59
111600 17
111601 59
1116300 18
1116301 40
111700 26
111701 44
1117300 18
1117301 25
111800 39
111801 28
1118300 72
1118301 22
111900 65
111901 4
1119300 71
1119301 8
1111000 97
1111001 16
11110300 94
11110301 1
1111100 99
1111101 1
11111300 90
11111301 1
1121200 2
1121201 99
11212300 1
11212301 99
112100 1
112101 99
1121300 1
1121301 89
112200 9
112201 86
1122300 4
1122301 81
112300 1
112301 87
1123300 6
1123301 86
112400 1
112401 74
1124300 1
1124301 71
112500 3
112501 60
1125300 1
1125301 50
112600 1
112601 59
1126300 21
1126301 47
112700 35
112701 43
1127300 20
1127301 38
112800 34
112801 20
1128300 58
1128301 7
112900 77
112901 1
1129300 80
1129301 16
1121000 88
1121001 6
11210300 99
11210301 6
1121100 99
1121101 7
11211300 98
11211301 1
1131200 1
1131201 98
11312300 1
11312301 92
113100 4
113101 92
1131300 1
1131301 92
113200 1
113201 90
1132300 1
1132301 99
113300 1
113301 80
1133300 9
1133301 79
113400 6
113401 68
1134300 1
1134301 62
113500 13
113501 66
1135300 9
1135301 48
113600 10
113601 52
1136300 14
1136301 56
113700 20
113701 36
1137300 36
1137301 29
113800 32
113801 24
1138300 70
1138301 14
113900 66
113901 3
1139300 83
1139301 7
1131000 88
1131001 10
11310300 94
11310301 11
1131100 99
1131101 1
11311300 96
11311301 2
1141200 1
1141201 97
11412300 7
11412301 92
114100 10
114101 99
1141300 1
1141301 98
114200 1
114201 99
1142300 3
1142301 99
114300 1
114301 96
1143300 2
1143301 75
114400 2
114401 69
1144300 1
1144301 67
114500 2
114501 59
1145300 1
1145301 54
114600 11
114601 47
1146300 20
1146301 45
114700 20
114701 39
1147300 26
1147301 30
114800 46
114801 34
1148300 62
1148301 4
114900 79
114901 5
1149300 67
1149301 4
1141000 83
1141001 1
11410300 97
11410301 14
1141100 92
1141101 7
11411300 96
11411301 9
1151200 1
1151201 93
11512300 1
11512301 99
115100 7
115101 89
1151300 1
1151301 89
115200 8
115201 93
1152300 1
1152301 87
115300 1
115301 96
1153300 7
1153301 79
115400 5
115401 75
1154300 1
1154301 56
115500 15
115501 56
1155300 11
1155301 57
115600 13
115601 59
1156300 15
1156301 57
115700 24
115701 35
1157300 32
1157301 33
115800 29
115801 32
1158300 71
1158301 8
115900 75
115901 3
1159300 68
1159301 1
1151000 86
1151001 13
11510300 99
11510301 13
1151100 99
1151101 12
11511300 99
11511301 10
1161200 6
1161201 99
11612300 1
11612301 99
116100 1
116101 95
1161300 1
1161301 86
116200 10
116201 96
1162300 8
1162301 82
116300 1
116301 93
1163300 1
1163301 93
116400 2
116401 75
1164300 1
1164301 60
116500 5
116501 51
1165300 15
1165301 60
116600 1
116601 56
1166300 16
1166301 57
116700 33
116701 36
1167300 26
1167301 25
116800 30
116801 17
1168300 77
1168301 8
116900 70
116901 3
1169300 67
1169301 8
1161000 96
1161001 1
11610300 90
11610301 8
1161100 99
1161101 3
11611300 97
11611301 12
1171200 7
1171201 99
11712300 10
11712301 99
117100 5
117101 95
1171300 4
1171301 87
117200 1
117201 93
1172300 8
1172301 95
117300 7
117301 89
1173300 3
1173301 84
117400 1
117401 79
1174300 1
1174301 55
117500 17
117501 65
1175300 11
1175301 55
117600 15
117601 49
1176300 9
1176301 43
117700 32
117701 49
1177300 35
1177301 23
117800 42
117801 23
1178300 72
1178301 14
117900 79
117901 16
1179300 82
1179301 17
1171000 99
1171001 1
11710300 88
11710301 12
1171100 99
1171101 7
11711300 99
11711301 9
