011200 1
011201 89
0112300 1
0112301 93
01100 1
01101 99
011300 1
011301 99
01200 1
01201 94
012300 9
012301 87
01300 3
01301 81
013300 1
013301 80
01400 1
01401 76
014300 2
014301 57
01500 1
01501 59
015300 16
015301 52
01600 14
01601 45
016300 19
016301 57
01700 19
01701 36
017300 32
017301 28
01800 30
01801 20
018300 64
018301 16
01900 74
01901 16
019300 83
019301 14
011000 82
011001 1
0110300 97
0110301 1
011100 89
011101 12
0111300 99
0111301 12
021200 1
021201 99
0212300 1
0212301 99
02100 3
02101 99
021300 1
021301 99
02200 2
02201 90
022300 9
022301 92
02300 6
02301 85
023300 1
023301 80
02400 10
02401 66
024300 1
024301 66
02500 5
02501 64
025300 1
025301 53
02600 15
02601 54
026300 3
026301 57
02700 29
02701 42
027300 31
027301 28
02800 33
02801 33
028300 60
028301 14
02900 79
02901 17
029300 71
029301 5
021000 82
021001 1
0210300 88
0210301 9
021100 90
021101 1
0211300 91
0211301 1
031200 10
031201 99
0312300 2
0312301 91
03100 5
03101 95
031300 3
031301 90
03200 6
03201 99
032300 1
032301 99
03300 1
03301 94
033300 1
033301 79
03400 8
03401 73
034300 11
034301 66
03500 1
03501 58
035300 18
035301 46
03600 1
03601 50
036300 12
036301 57
03700 29
03701 44
037300 18
037301 35
03800 44
03801 31
038300 61
038301 22
03900 70
03901 12
039300 66
039301 14
031000 99
031001 13
0310300 88
0310301 11
031100 89
031101 8
0311300 90
0311301 10
041200 1
041201 99
0412300 8
0412301 99
04100 8
04101 92
041300 1
041301 99
04200 1
04201 86
042300 8
042301 86
04300 1
04301 94
043300 1
043301 79
04400 7
04401 63
044300 4
044301 67
04500 8
04501 52
045300 18
045301 48
04600 12
04601 44
046300 14
046301 47
04700 18
04701 49
047300 27
047301 29
04800 48
04801 26
048300 65
048301 21
04900 79
04901 4
049300 76
049301 15
041000 81
041001 3
0410300 90
0410301 2
041100 92
041101 1
0411300 96
0411301 7
051200 1
051201 99
0512300 4
0512301 99
05100 5
05101 92
051300 4
051301 97
05200 1
05201 94
052300 8
052301 82
05300 5
05301 90
053300 1
053301 92
05400 7
05401 73
054300 1
054301 71
05500 4
05501 54
055300 5
055301 44
05600 10
05601 41
056300 15
056301 49
05700 35
05701 39
057300 33
057301 36
05800 33
05801 22
058300 75
058301 15
05900 67
05901 9
059300 68
059301 6
051000 83
051001 3
0510300 89
0510301 1
051100 97
051101 9
0511300 98
0511301 11
061200 6
061201 99
0612300 1
0612301 89
06100 5
06101 99
061300 2
061301 93
06200 1
06201 90
062300 3
062301 85
06300 1
06301 95
063300 1
063301 83
06400 1
06401 67
064300 1
064301 64
06500 4
06501 55
065300 8
065301 60
06600 4
06601 50
066300 3
066301 39
06700 19
06701 45
067300 31
067301 37
06800 41
06801 35
068300 64
068301 15
06900 80
06901 14
069300 73
069301 1
061000 90
061001 14
0610300 99
0610301 1
061100 98
061101 1
0611300 99
0611301 12
071200 9
071201 90
0712300 6
0712301 97
07100 6
07101 99
071300 1
071301 92
07200 1
07201 85
072300 3
072301 81
07300 1
07301 83
073300 8
073301 87
07400 10
07401 66
074300 1
074301 63
07500 6
07501 58
075300 6
075301 46
07600 6
07601 42
076300 14
076301 56
07700 22
07701 46
077300 26
077301 27
07800 38
07801 36
078300 76
078301 8
07900 73
07901 13
079300 83
079301 12
071000 81
071001 13
0710300 87
0710301 1
071100 99
071101 13
0711300 99
0711301 1
111200 1
111201 99
1112300 1
1112301 92
11100 1
11101 93
111300 1
111301 90
11200 1
11201 92
112300 1
112301 81
11300 1
11301 95
113300 3
113301 81
11400 6
11401 78
114300 1
114301 66
11500 14
11501 55
115300 11
115301 58
11600 1
11601 41
116300 16
116301 47
11700 29
11701 32
117300 20
117301 38
11800 29
11801 22
118300 68
118301 6
11900 75
11901 5
119300 83
119301 1
111000 83
111001 14
1110300 97
1110301 10
111100 96
111101 13
1111300 99
1111301 1
121200 1
121201 99
1212300 10
1212301 92
12100 2
12101 90
121300 1
121301 87
12200 9
12201 94
122300 5
122301 96
12300 1
12301 95
123300 1
123301 84
12400 1
12401 72
124300 1
124301 70
12500 9
12501 57
125300 16
125301 52
12600 8
12601 59
126300 10
126301 53
12700 22
12701 31
127300 30
127301 34
12800 38
12801 18
128300 66
128301 19
12900 79
12901 14
129300 66
129301 14
121000 95
121001 1
1210300 90
1210301 1
121100 93
121101 12
1211300 99
1211301 10
131200 1
131201 99
1312300 9
1312301 99
13100 4
13101 94
131300 10
131301 99
13200 1
13201 97
132300 10
132301 85
13300 10
13301 77
133300 1
133301 82
13400 5
13401 80
134300 11
134301 71
13500 1
13501 57
135300 3
135301 62
13600 13
13601 57
136300 4
136301 48
13700 30
13701 49
137300 26
137301 32
13800 44
13801 19
138300 70
138301 22
13900 73
13901 5
139300 81
139301 15
131000 82
131001 12
1310300 96
1310301 1
131100 93
131101 8
1311300 89
1311301 10
141200 1
141201 99
1412300 6
1412301 99
14100 1
14101 99
141300 1
141301 96
14200 10
14201 91
142300 1
142301 99
14300 1
14301 81
143300 1
143301 77
14400 10
14401 62
144300 6
144301 72
14500 8
14501 63
145300 1
145301 55
14600 3
14601 45
146300 3
146301 48
14700 24
14701 38
147300 28
147301 25
14800 48
14801 29
148300 73
148301 15
14900 73
14901 9
149300 79
149301 10
141000 95
141001 2
1410300 96
1410301 1
141100 99
141101 5
1411300 99
1411301 5
151200 1
151201 99
1512300 1
1512301 99
15100 1
15101 99
151300 1
151301 99
15200 1
15201 93
152300 9
152301 85
15300 3
15301 84
153300 3
153301 81
15400 1
15401 65
154300 1
154301 54
15500 1
15501 53
155300 16
155301 51
15600 10
15601 51
156300 5
156301 57
15700 29
15701 35
157300 23
157301 23
15800 41
15801 32
158300 74
158301 21
15900 64
15901 1
159300 84
159301 10
151000 92
151001 9
1510300 99
1510301 1
151100 91
151101 12
1511300 97
1511301 12
161200 1
161201 99
1612300 9
1612301 94
16100 1
16101 93
161300 1
161301 99
16200 1
16201 90
162300 1
162301 91
16300 10
16301 93
163300 1
163301 85
16400 1
16401 78
164300 11
164301 53
16500 6
16501 53
165300 15
165301 59
16600 1
16601 41
166300 7
166301 41
16700 20
16701 49
167300 24
167301 29
16800 36
16801 20
168300 74
168301 3
16900 74
16901 11
169300 78
169301 7
161000 85
161001 14
1610300 99
1610301 4
161100 99
161101 1
1611300 99
1611301 1
171200 1
171201 99
1712300 1
1712301 96
17100 4
17101 97
171300 1
171301 99
17200 1
17201 99
172300 5
172301 86
17300 2
17301 82
173300 1
173301 82
17400 1
17401 68
174300 1
174301 59
17500 15
17501 50
175300 9
175301 54
17600 1
17601 55
176300 17
176301 42
17700 17
17701 47
177300 20
177301 36
17800 41
17801 30
178300 64
178301 9
17900 80
17901 20
179300 79
179301 2
171000 96
171001 5
1710300 99
1710301 1
171100 99
171101 8
1711300 91
1711301 1
211200 1
211201 99
2112300 1
2112301 99
21100 1
21101 99
211300 1
211301 89
21200 1
21201 90
212300 9
212301 87
21300 7
21301 93
213300 1
213301 89
21400 1
21401 67
214300 1
214301 68
21500 16
21501 66
215300 1
215301 57
21600 13
21601 55
216300 10
216301 52
21700 24
21701 48
217300 30
217301 29
21800 37
21801 36
218300 71
218301 22
21900 72
21901 13
219300 80
219301 14
211000 99
211001 1
2110300 99
2110301 1
211100 99
211101 12
2111300 99
2111301 5
221200 4
221201 99
2212300 1
2212301 99
22100 1
22101 87
221300 1
221301 88
22200 1
22201 84
222300 3
222301 81
22300 1
22301 85
223300 1
223301 90
22400 1
22401 80
224300 1
224301 54
22500 1
22501 52
225300 4
225301 53
22600 18
22601 47
226300 6
226301 42
22700 20
22701 33
227300 24
227301 40
22800 42
22801 21
228300 74
228301 9
22900 77
22901 16
229300 69
229301 3
221000 96
221001 1
2210300 91
2210301 5
221100 99
221101 11
2211300 98
2211301 8
231200 6
231201 96
2312300 5
2312301 99
23100 8
23101 96
231300 1
231301 89
23200 1
23201 85
232300 10
232301 99
23300 1
23301 86
233300 5
233301 89
23400 10
23401 68
234300 2
234301 68
23500 9
23501 52
235300 10
235301 62
23600 9
23601 50
236300 14
236301 43
23700 19
23701 47
237300 27
237301 42
23800 36
23801 27
238300 72
238301 13
23900 74
23901 12
239300 68
239301 17
231000 95
231001 1
2310300 90
2310301 3
231100 99
231101 7
2311300 99
2311301 3
241200 1
241201 98
2412300 1
2412301 91
24100 1
24101 99
241300 10
241301 99
24200 4
24201 93
242300 3
242301 95
24300 1
24301 79
243300 10
243301 89
24400 1
24401 78
244300 1
244301 67
24500 11
24501 53
245300 16
245301 50
24600 2
24601 43
246300 7
246301 53
24700 26
24701 36
247300 28
247301 41
24800 35
24801 36
248300 72
248301 18
24900 75
24901 4
249300 76
249301 12
241000 89
241001 1
2410300 99
2410301 13
241100 89
241101 12
2411300 99
2411301 1
251200 1
251201 99
2512300 7
2512301 99
25100 6
25101 87
251300 7
251301 95
25200 8
25201 95
252300 1
252301 94
25300 1
25301 80
253300 1
253301 76
25400 1
25401 66
254300 1
254301 61
25500 10
25501 62
255300 12
255301 44
25600 14
25601 53
256300 18
256301 55
25700 19
25701 47
257300 22
257301 35
25800 48
25801 19
258300 66
258301 11
25900 67
25901 14
259300 76
259301 4
251000 95
251001 12
2510300 92
2510301 1
251100 99
251101 9
2511300 99
2511301 2
261200 1
261201 98
2612300 2
2612301 91
26100 1
26101 91
261300 1
261301 97
26200 7
26201 88
262300 1
262301 94
26300 1
26301 83
263300 1
263301 87
26400 3
26401 70
264300 1
264301 67
26500 14
26501 53
265300 8
265301 56
26600 10
26601 49
266300 20
266301 44
26700 30
26701 48
267300 22
267301 41
26800 29
26801 19
268300 66
268301 11
26900 64
26901 4
269300 84
269301 13
261000 88
261001 15
2610300 90
2610301 7
261100 90
261101 8
2611300 95
2611301 5
271200 1
271201 99
2712300 1
2712301 90
27100 7
27101 99
271300 1
271301 99
27200 1
27201 87
272300 1
272301 93
27300 5
27301 77
273300 1
273301 76
27400 1
27401 69
274300 1
274301 62
27500 4
27501 61
275300 5
275301 57
27600 7
27601 44
276300 13
276301 45
27700 27
27701 33
277300 29
277301 31
27800 41
27801 25
278300 69
278301 11
27900 66
27901 13
279300 82
279301 1
271000 84
271001 13
2710300 99
2710301 14
271100 99
271101 6
2711300 99
2711301 1
311200 1
311201 99
3112300 1
3112301 96
31100 4
31101 90
311300 1
311301 99
31200 1
31201 93
312300 3
312301 97
31300 7
31301 90
313300 4
313301 76
31400 1
31401 71
314300 1
314301 67
31500 17
31501 66
315300 3
315301 47
31600 1
31601 43
316300 5
316301 47
31700 27
31701 40
317300 19
317301 26
31800 48
31801 28
318300 60
318301 19
31900 79
31901 8
319300 75
319301 1
311000 94
311001 2
3110300 99
3110301 1
311100 99
311101 10
3111300 99
3111301 1
321200 3
321201 99
3212300 1
3212301 91
32100 1
32101 99
321300 1
321301 99
32200 4
32201 99
322300 1
322301 82
32300 1
32301 90
323300 1
323301 84
32400 1
32401 78
324300 1
324301 69
32500 11
32501 54
325300 1
325301 45
32600 11
32601 46
326300 3
326301 51
32700 34
32701 49
327300 20
327301 26
32800 42
32801 31
328300 69
328301 5
32900 70
32901 2
329300 84
329301 1
321000 84
321001 1
3210300 95
3210301 1
321100 99
321101 1
3211300 94
3211301 1
331200 1
331201 99
3312300 8
3312301 99
33100 1
33101 96
331300 10
331301 88
33200 1
33201 89
332300 1
332301 81
33300 1
33301 93
333300 4
333301 75
33400 1
33401 80
334300 1
334301 67
33500 12
33501 62
335300 9
335301 53
33600 13
33601 48
336300 20
336301 42
33700 31
33701 40
337300 31
337301 40
33800 40
33801 33
338300 63
338301 16
33900 79
33901 2
339300 71
339301 12
331000 85
331001 1
3310300 92
3310301 8
331100 99
331101 1
3311300 94
3311301 1
341200 1
341201 95
3412300 9
3412301 99
34100 1
34101 87
341300 1
341301 99
34200 7
34201 84
342300 1
342301 93
34300 1
34301 93
343300 5
343301 87
34400 8
34401 73
344300 7
344301 54
34500 4
34501 57
345300 18
345301 54
34600 1
34601 54
346300 6
346301 45
34700 30
34701 38
347300 33
347301 38
34800 33
34801 19
348300 77
348301 16
34900 68
34901 3
349300 74
349301 12
341000 96
341001 7
3410300 97
3410301 1
341100 95
341101 1
3411300 98
3411301 9
351200 1
351201 95
3512300 10
3512301 99
35100 6
35101 99
351300 3
351301 86
35200 9
35201 92
352300 1
352301 87
35300 8
35301 84
353300 3
353301 76
35400 9
35401 75
354300 1
354301 65
35500 4
35501 51
355300 6
355301 54
35600 16
35601 59
356300 19
356301 57
35700 35
35701 44
357300 17
357301 36
35800 45
35801 36
358300 74
358301 5
35900 74
35901 20
359300 83
359301 5
351000 98
351001 10
3510300 98
3510301 2
351100 96
351101 5
3511300 99
3511301 1
361200 4
361201 99
3612300 1
3612301 94
36100 1
36101 92
361300 9
361301 94
36200 5
36201 87
362300 5
362301 88
36300 1
36301 94
363300 7
363301 85
36400 1
36401 78
364300 4
364301 72
36500 15
36501 66
365300 5
365301 49
36600 1
36601 59
366300 2
366301 55
36700 17
36701 37
367300 35
367301 42
36800 33
36801 20
368300 59
368301 22
36900 78
36901 2
369300 68
369301 1
361000 84
361001 16
3610300 97
3610301 8
361100 99
361101 1
3611300 91
3611301 8
371200 1
371201 91
3712300 1
3712301 99
37100 6
37101 99
371300 2
371301 86
37200 10
37201 88
372300 8
372301 84
37300 1
37301 91
373300 3
373301 92
37400 5
37401 62
374300 9
374301 58
37500 1
37501 52
375300 10
375301 58
37600 8
37601 42
376300 19
376301 50
37700 28
37701 48
377300 24
377301 40
37800 41
37801 33
378300 67
378301 3
37900 71
37901 12
379300 83
379301 9
371000 91
371001 1
3710300 86
3710301 9
371100 93
371101 13
3711300 93
3711301 2
411200 1
411201 96
4112300 1
4112301 92
41100 1
41101 99
411300 1
411301 89
41200 1
41201 95
412300 3
412301 98
41300 1
41301 87
413300 1
413301 88
41400 4
41401 63
414300 6
414301 70
41500 1
41501 58
415300 15
415301 60
41600 1
41601 46
416300 10
416301 48
41700 18
41701 49
417300 34
417301 36
41800 34
41801 25
418300 64
418301 3
41900 75
41901 12
419300 68
419301 16
411000 95
411001 1
4110300 99
4110301 1
411100 92
411101 7
4111300 99
4111301 1
421200 1
421201 91
4212300 1
4212301 99
42100 1
42101 95
421300 9
421301 99
42200 10
42201 94
422300 1
422301 86
42300 1
42301 81
423300 1
423301 91
42400 8
42401 75
424300 4
424301 58
42500 14
42501 66
425300 15
425301 59
42600 1
42601 44
426300 11
426301 52
42700 16
42701 37
427300 35
427301 29
42800 32
42801 24
428300 73
428301 9
42900 64
42901 17
429300 70
429301 5
421000 99
421001 11
4210300 94
4210301 9
421100 99
421101 6
4211300 90
4211301 5
431200 1
431201 99
4312300 1
4312301 91
43100 1
43101 97
431300 7
431301 91
43200 1
43201 96
432300 1
432301 91
43300 8
43301 89
433300 1
433301 79
43400 10
43401 74
434300 8
434301 69
43500 14
43501 63
435300 11
435301 56
43600 3
43601 45
436300 19
436301 48
43700 29
43701 45
437300 34
437301 25
43800 47
43801 32
438300 66
438301 15
43900 72
43901 16
439300 72
439301 8
431000 90
431001 5
4310300 86
4310301 1
431100 92
431101 13
4311300 99
4311301 11
441200 1
441201 97
4412300 1
4412301 92
44100 1
44101 96
441300 5
441301 99
44200 2
44201 94
442300 7
442301 81
44300 1
44301 85
443300 1
443301 89
44400 1
44401 69
444300 5
444301 54
44500 10
44501 52
445300 9
445301 60
44600 10
44601 47
446300 14
446301 48
44700 24
44701 47
447300 32
447301 38
44800 29
44801 35
448300 59
448301 6
44900 69
44901 14
449300 76
449301 1
441000 90
441001 1
4410300 99
4410301 1
441100 99
441101 13
4411300 99
4411301 9
451200 1
451201 90
4512300 1
4512301 98
45100 9
45101 96
451300 9
451301 98
45200 1
45201 95
452300 1
452301 83
45300 4
45301 91
453300 1
453301 79
45400 7
45401 79
454300 1
454301 54
45500 6
45501 56
455300 14
455301 54
45600 7
45601 44
456300 12
456301 57
45700 27
45701 46
457300 27
457301 23
45800 37
45801 19
458300 68
458301 7
45900 63
45901 4
459300 67
459301 13
451000 99
451001 4
4510300 95
4510301 4
451100 89
451101 1
4511300 93
4511301 10
461200 6
461201 93
4612300 6
4612301 96
46100 1
46101 98
461300 8
461301 89
46200 10
46201 92
462300 3
462301 96
46300 1
46301 87
463300 3
463301 82
46400 10
46401 78
464300 1
464301 61
46500 14
46501 56
465300 5
465301 55
46600 1
46601 60
466300 5
466301 49
46700 32
46701 44
467300 20
467301 29
46800 38
46801 22
468300 58
468301 6
46900 81
46901 5
469300 73
469301 9
461000 94
461001 4
4610300 99
4610301 13
461100 99
461101 1
4611300 99
4611301 1
471200 1
471201 99
4712300 1
4712301 97
47100 1
47101 94
471300 5
471301 91
47200 9
47201 89
472300 1
472301 96
47300 1
47301 92
473300 1
473301 85
47400 1
47401 78
474300 10
474301 62
47500 15
47501 63
475300 1
475301 49
47600 3
47601 57
476300 18
476301 42
47700 20
47701 36
477300 19
477301 35
47800 42
47801 30
478300 74
478301 21
47900 69
47901 8
479300 81
479301 1
471000 99
471001 3
4710300 96
4710301 7
471100 96
471101 2
4711300 98
4711301 4
511200 9
511201 99
5112300 10
5112301 99
51100 1
51101 90
511300 1
511301 89
51200 7
51201 97
512300 2
512301 87
51300 1
51301 95
513300 2
513301 90
51400 5
51401 64
514300 1
514301 68
51500 8
51501 51
515300 9
515301 52
51600 2
51601 60
516300 13
516301 49
51700 26
51701 43
517300 35
517301 28
51800 32
51801 22
518300 65
518301 9
51900 73
51901 20
519300 66
519301 14
511000 93
511001 13
5110300 92
5110301 11
511100 93
511101 1
5111300 99
5111301 8
521200 1
521201 99
5212300 1
5212301 99
52100 9
52101 92
521300 2
521301 91
52200 4
52201 91
522300 1
522301 83
52300 6
52301 89
523300 1
523301 83
52400 1
52401 78
524300 7
524301 58
52500 7
52501 62
525300 17
525301 52
52600 8
52601 58
526300 11
526301 55
52700 18
52701 36
527300 32
527301 29
52800 48
52801 18
528300 60
528301 18
52900 73
52901 15
529300 75
529301 3
521000 85
521001 11
5210300 94
5210301 6
521100 96
521101 10
5211300 99
5211301 1
531200 1
531201 89
5312300 2
5312301 99
53100 3
53101 88
531300 1
531301 88
53200 8
53201 95
532300 1
532301 98
53300 1
53301 96
533300 1
533301 83
53400 3
53401 62
534300 1
534301 71
53500 1
53501 56
535300 1
535301 51
53600 1
53601 46
536300 19
536301 47
53700 20
53701 43
537300 31
537301 42
53800 44
53801 19
538300 64
538301 3
53900 69
53901 10
539300 84
539301 12
531000 94
531001 14
5310300 93
5310301 1
531100 94
531101 7
5311300 95
5311301 1
541200 1
541201 97
5412300 1
5412301 96
54100 1
54101 89
541300 1
541301 86
54200 1
54201 97
542300 1
542301 82
54300 1
54301 91
543300 9
543301 88
54400 7
54401 76
544300 9
544301 64
54500 1
54501 64
545300 7
545301 59
54600 5
54601 46
546300 4
546301 54
54700 29
54701 49
547300 26
547301 40
54800 40
54801 36
548300 67
548301 20
54900 68
54901 11
549300 71
549301 1
541000 86
541001 13
5410300 95
5410301 1
541100 96
541101 1
5411300 97
5411301 12
551200 5
551201 97
5512300 3
5512301 98
55100 1
55101 99
551300 2
551301 86
55200 8
55201 84
552300 5
552301 99
55300 1
55301 81
553300 1
553301 80
55400 1
55401 71
554300 1
554301 67
55500 12
55501 54
555300 6
555301 53
55600 3
55601 43
556300 10
556301 51
55700 33
55701 33
557300 27
557301 29
55800 34
55801 25
558300 61
558301 21
55900 80
55901 8
559300 70
559301 12
551000 93
551001 3
5510300 89
5510301 11
551100 89
551101 13
5511300 99
5511301 1
561200 6
561201 99
5612300 2
5612301 99
56100 7
56101 90
561300 10
561301 93
56200 1
56201 97
562300 4
562301 82
56300 1
56301 84
563300 2
563301 91
56400 1
56401 75
564300 6
564301 69
56500 1
56501 59
565300 12
565301 53
56600 10
56601 52
566300 21
566301 58
56700 31
56701 49
567300 19
567301 25
56800 37
56801 29
568300 61
568301 19
56900 65
56901 4
569300 77
569301 1
561000 87
561001 1
5610300 92
5610301 2
561100 99
561101 1
5611300 91
5611301 5
571200 4
571201 99
5712300 1
5712301 99
57100 5
57101 94
571300 1
571301 86
57200 1
57201 99
572300 1
572301 92
57300 10
57301 77
573300 10
573301 88
57400 2
57401 78
574300 1
574301 61
57500 17
57501 51
575300 10
575301 49
57600 1
57601 58
576300 15
576301 41
57700 32
57701 35
577300 23
577301 39
57800 41
57801 35
578300 74
578301 20
57900 75
57901 14
579300 74
579301 6
571000 88
571001 13
5710300 99
5710301 1
571100 94
571101 1
5711300 92
5711301 1
611200 1
611201 99
6112300 1
6112301 95
61100 1
61101 91
611300 1
611301 94
61200 9
61201 97
612300 1
612301 81
61300 1
61301 95
613300 1
613301 75
61400 3
61401 65
614300 1
614301 71
61500 13
61501 69
615300 7
615301 55
61600 6
61601 51
616300 2
616301 40
61700 34
61701 37
617300 35
617301 40
61800 32
61801 26
618300 69
618301 13
61900 76
61901 20
619300 75
619301 17
611000 90
611001 1
6110300 99
6110301 9
611100 99
611101 6
6111300 95
6111301 1
621200 5
621201 92
6212300 5
6212301 99
62100 1
62101 99
621300 1
621301 99
62200 1
62201 99
622300 1
622301 85
62300 4
62301 88
623300 6
623301 88
62400 2
62401 72
624300 1
624301 68
62500 16
62501 68
625300 5
625301 48
62600 16
62601 53
626300 14
626301 53
62700 28
62701 47
627300 34
627301 37
62800 36
62801 31
628300 58
628301 22
62900 64
62901 19
629300 82
629301 3
621000 99
621001 12
6210300 95
6210301 10
621100 99
621101 1
6211300 99
6211301 1
631200 7
631201 91
6312300 1
6312301 99
63100 5
63101 94
631300 1
631301 99
63200 1
63201 88
632300 4
632301 98
63300 1
63301 77
633300 1
633301 80
63400 1
63401 62
634300 6
634301 66
63500 4
63501 59
635300 1
635301 62
63600 9
63601 60
636300 21
636301 51
63700 31
63701 47
637300 33
637301 40
63800 29
63801 23
638300 75
638301 4
63900 69
63901 8
639300 78
639301 17
631000 88
631001 3
6310300 97
6310301 2
631100 91
631101 10
6311300 97
6311301 8
641200 9
641201 97
6412300 4
6412301 89
64100 9
64101 95
641300 9
641301 97
64200 8
64201 84
642300 9
642301 95
64300 1
64301 78
643300 1
643301 75
64400 1
64401 65
644300 1
644301 64
64500 6
64501 54
645300 13
645301 62
64600 1
64601 48
646300 10
646301 56
64700 27
64701 47
647300 22
647301 29
64800 40
64801 17
648300 69
648301 19
64900 71
64901 12
649300 81
649301 17
641000 97
641001 1
6410300 90
6410301 10
641100 99
641101 3
6411300 92
6411301 1
651200 1
651201 97
6512300 5
6512301 99
65100 4
65101 99
651300 1
651301 94
65200 1
65201 83
652300 1
652301 98
65300 1
65301 77
653300 9
653301 84
65400 1
65401 64
654300 1
654301 62
65500 1
65501 66
655300 4
655301 53
65600 7
65601 52
656300 9
656301 46
65700 23
65701 46
657300 24
657301 28
65800 45
65801 25
658300 67
658301 3
65900 78
65901 20
659300 69
659301 1
651000 83
651001 1
6510300 89
6510301 13
651100 99
651101 2
6511300 99
6511301 1
661200 1
661201 99
6612300 5
6612301 93
66100 1
66101 99
661300 7
661301 90
66200 1
66201 92
662300 1
662301 98
66300 1
66301 83
663300 1
663301 93
66400 5
66401 81
664300 1
664301 61
66500 3
66501 63
665300 9
665301 49
66600 7
66601 44
666300 17
666301 48
66700 23
66701 33
667300 25
667301 26
66800 42
66801 26
668300 58
668301 6
66900 65
66901 5
669300 76
669301 5
661000 99
661001 10
6610300 95
6610301 13
661100 99
661101 11
6611300 99
6611301 1
671200 2
671201 98
6712300 3
6712301 99
67100 1
67101 99
671300 1
671301 99
67200 10
67201 88
672300 1
672301 91
67300 1
67301 83
673300 4
673301 75
67400 1
67401 65
674300 3
674301 69
67500 11
67501 63
675300 10
675301 46
67600 4
67601 44
676300 13
676301 56
67700 26
67701 32
677300 32
677301 33
67800 36
67801 30
678300 70
678301 20
67900 66
67901 13
679300 72
679301 1
671000 93
671001 13
6710300 87
6710301 1
671100 99
671101 10
6711300 99
6711301 3
711200 5
711201 94
7112300 1
7112301 95
71100 4
71101 87
711300 5
711301 99
71200 1
71201 99
712300 1
712301 84
71300 6
71301 96
713300 1
713301 85
71400 1
71401 78
714300 4
714301 57
71500 9
71501 68
715300 4
715301 57
71600 3
71601 56
716300 8
716301 43
71700 18
71701 47
717300 28
717301 25
71800 36
71801 28
718300 65
718301 18
71900 71
71901 16
719300 83
719301 6
711000 82
711001 12
7110300 87
7110301 2
711100 98
711101 8
7111300 89
7111301 1
721200 1
721201 89
7212300 1
7212301 99
72100 1
72101 98
721300 9
721301 96
72200 2
72201 95
722300 7
722301 98
72300 10
72301 78
723300 1
723301 76
72400 4
72401 80
724300 3
724301 68
72500 4
72501 63
725300 7
725301 51
72600 6
72601 59
726300 5
726301 49
72700 19
72701 33
727300 33
727301 27
72800 31
72801 22
728300 66
728301 19
72900 64
72901 17
729300 72
729301 2
721000 95
721001 15
7210300 99
7210301 6
721100 99
721101 3
7211300 99
7211301 1
731200 5
731201 97
7312300 1
7312301 91
73100 1
73101 99
731300 1
731301 91
73200 1
73201 97
732300 2
732301 92
73300 1
73301 93
733300 10
733301 89
73400 4
73401 62
734300 5
734301 66
73500 7
73501 62
735300 1
735301 51
73600 8
73601 54
736300 21
736301 48
73700 31
73701 50
737300 33
737301 32
73800 34
73801 22
738300 76
738301 8
73900 69
73901 15
739300 77
739301 1
731000 91
731001 1
7310300 97
7310301 1
731100 98
731101 1
7311300 99
7311301 3
741200 1
741201 95
7412300 1
7412301 99
74100 1
74101 99
741300 5
741301 95
74200 5
74201 94
742300 1
742301 94
74300 8
74301 89
743300 1
743301 81
74400 2
74401 74
744300 1
744301 57
74500 15
74501 58
745300 2
745301 49
74600 1
74601 43
746300 9
746301 46
74700 17
74701 50
747300 32
747301 42
74800 45
74801 34
748300 75
748301 15
74900 75
74901 8
749300 83
749301 12
741000 92
741001 7
7410300 99
7410301 8
741100 99
741101 1
7411300 99
7411301 1
751200 8
751201 97
7512300 1
7512301 99
75100 3
75101 95
751300 1
751301 94
75200 7
75201 99
752300 1
752301 94
75300 1
75301 93
753300 5
753301 92
75400 2
75401 70
754300 1
754301 72
75500 1
75501 62
755300 14
755301 47
75600 17
75601 56
756300 20
756301 53
75700 31
75701 34
757300 25
757301 24
75800 37
75801 19
758300 68
758301 17
75900 78
75901 5
759300 66
759301 1
751000 98
751001 15
7510300 86
7510301 14
751100 99
751101 10
7511300 99
7511301 1
761200 1
761201 95
7612300 1
7612301 99
76100 1
76101 88
761300 9
761301 96
76200 4
76201 98
762300 3
762301 99
76300 6
76301 82
763300 1
763301 82
76400 1
76401 72
764300 1
764301 62
76500 8
76501 52
765300 3
765301 51
76600 1
76601 41
766300 11
766301 50
76700 34
76701 43
767300 24
767301 41
76800 47
76801 27
768300 77
768301 12
76900 68
76901 1
769300 67
769301 17
761000 99
761001 11
7610300 94
7610301 1
761100 99
761101 1
7611300 98
7611301 4
771200 1
771201 97
7712300 1
7712301 99
77100 1
77101 91
771300 8
771301 96
77200 1
77201 90
772300 6
772301 86
77300 7
77301 92
773300 5
773301 80
77400 10
77401 69
774300 1
774301 57
77500 3
77501 66
775300 17
775301 46
77600 13
77601 49
776300 16
776301 42
77700 29
77701 46
777300 33
777301 32
77800 32
77801 20
778300 65
778301 15
77900 80
77901 2
779300 76
779301 1
771000 90
771001 16
7710300 87
7710301 4
771100 99
771101 1
7711300 99
7711301 5
811200 1
811201 89
8112300 8
8112301 99
81100 3
81101 99
811300 1
811301 88
81200 1
81201 84
812300 1
812301 84
81300 1
81301 90
813300 1
813301 85
81400 1
81401 71
814300 11
814301 58
81500 12
81501 56
815300 9
815301 58
81600 9
81601 60
816300 20
816301 49
81700 21
81701 50
817300 26
817301 28
81800 37
81801 36
818300 59
818301 10
81900 67
81901 10
819300 69
819301 5
811000 99
811001 16
8110300 99
8110301 1
811100 99
811101 5
8111300 99
8111301 1
821200 6
821201 90
8212300 4
8212301 99
82100 1
82101 96
821300 9
821301 94
82200 8
82201 84
822300 1
822301 95
82300 1
82301 93
823300 1
823301 75
82400 1
82401 76
824300 8
824301 69
82500 15
82501 66
825300 1
825301 63
82600 16
82601 47
826300 19
826301 50
82700 21
82701 43
827300 21
827301 36
82800 38
82801 21
828300 67
828301 14
82900 68
82901 19
829300 68
829301 6
821000 88
821001 11
8210300 94
8210301 1
821100 97
821101 12
8211300 94
8211301 1
831200 1
831201 92
8312300 3
8312301 98
83100 8
83101 95
831300 1
831301 94
83200 1
83201 98
832300 2
832301 97
83300 1
83301 81
833300 1
833301 88
83400 7
83401 77
834300 1
834301 59
83500 2
83501 51
835300 6
835301 55
83600 2
83601 54
836300 15
836301 58
83700 17
83701 40
837300 24
837301 26
83800 37
83801 33
838300 69
838301 16
83900 72
83901 1
839300 81
839301 17
831000 89
831001 1
8310300 99
8310301 4
831100 99
831101 2
8311300 99
8311301 4
841200 1
841201 95
8412300 4
8412301 93
84100 1
84101 89
841300 9
841301 96
84200 5
84201 94
842300 1
842301 93
84300 6
84301 93
843300 3
843301 77
84400 4
84401 66
844300 1
844301 60
84500 17
84501 57
845300 1
845301 49
84600 2
84601 48
846300 21
846301 56
84700 28
84701 33
847300 22
847301 35
84800 48
84801 28
848300 59
848301 20
84900 64
84901 3
849300 78
849301 3
841000 84
841001 15
8410300 89
8410301 4
841100 90
841101 13
8411300 95
8411301 1
851200 6
851201 97
8512300 1
8512301 99
85100 10
85101 99
851300 9
851301 99
85200 1
85201 90
852300 3
852301 94
85300 1
85301 89
853300 7
853301 89
85400 1
85401 63
854300 10
854301 71
85500 1
85501 69
855300 15
855301 50
85600 7
85601 43
856300 17
856301 50
85700 18
85701 39
857300 29
857301 29
85800 29
85801 22
858300 70
858301 5
85900 82
85901 8
859300 69
859301 11
851000 92
851001 3
8510300 99
8510301 1
851100 99
851101 1
8511300 98
8511301 8
861200 10
861201 98
8612300 8
8612301 99
86100 1
86101 97
861300 5
861301 99
86200 2
86201 91
862300 1
862301 85
86300 1
86301 85
863300 9
863301 83
86400 9
86401 80
864300 1
864301 65
86500 9
86501 57
865300 1
865301 48
86600 11
86601 54
866300 13
866301 41
86700 19
86701 33
867300 25
867301 31
86800 47
86801 19
868300 70
868301 8
86900 81
86901 10
869300 80
869301 1
861000 81
861001 1
8610300 95
8610301 8
861100 93
861101 1
8611300 98
8611301 1
871200 1
871201 99
8712300 1
8712301 99
87100 1
87101 99
871300 1
871301 99
87200 1
87201 92
872300 1
872301 92
87300 1
87301 88
873300 1
873301 78
87400 1
87401 67
874300 3
874301 64
87500 3
87501 56
875300 17
875301 62
87600 18
87601 58
876300 16
876301 53
87700 31
87701 35
877300 26
877301 23
87800 34
87801 28
878300 72
878301 11
87900 69
87901 11
879300 73
879301 1
871000 89
871001 7
8710300 99
8710301 1
871100 89
871101 13
8711300 99
8711301 1
911200 9
911201 99
9112300 1
9112301 95
91100 1
91101 99
911300 1
911301 88
91200 7
91201 99
912300 2
912301 99
91300 7
91301 91
913300 1
913301 82
91400 9
91401 71
914300 8
914301 68
91500 6
91501 65
915300 1
915301 47
91600 16
91601 51
916300 11
916301 52
91700 19
91701 38
917300 28
917301 28
91800 47
91801 25
918300 67
918301 13
91900 63
91901 7
919300 72
919301 1
911000 82
911001 4
9110300 90
9110301 5
911100 98
911101 11
9111300 99
9111301 6
921200 5
921201 99
9212300 1
9212301 99
92100 4
92101 99
921300 6
921301 87
92200 1
92201 91
922300 10
922301 99
92300 5
92301 94
923300 1
923301 74
92400 1
92401 69
924300 1
924301 60
92500 15
92501 51
925300 6
925301 63
92600 2
92601 59
926300 20
926301 49
92700 25
92701 43
927300 28
927301 32
92800 30
92801 18
928300 77
928301 14
92900 71
92901 14
929300 73
929301 5
921000 96
921001 14
9210300 95
9210301 7
921100 94
921101 1
9211300 90
9211301 4
931200 1
931201 99
9312300 1
9312301 93
93100 1
93101 87
931300 1
931301 96
93200 3
93201 90
932300 1
932301 87
93300 10
93301 91
933300 1
933301 74
93400 1
93401 75
934300 1
934301 61
93500 9
93501 53
935300 14
935301 58
93600 17
93601 51
936300 14
936301 52
93700 19
93701 45
937300 20
937301 41
93800 43
93801 23
938300 61
938301 20
93900 81
93901 1
939300 69
939301 6
931000 93
931001 11
9310300 98
9310301 1
931100 95
931101 1
9311300 93
9311301 2
941200 2
941201 99
9412300 1
9412301 95
94100 1
94101 99
941300 1
941301 99
94200 9
94201 99
942300 1
942301 92
94300 1
94301 82
943300 1
943301 79
94400 1
94401 72
944300 8
944301 60
94500 4
94501 62
945300 7
945301 49
94600 7
94601 51
946300 15
946301 46
94700 30
94701 38
947300 21
947301 29
94800 42
94801 28
948300 69
948301 6
94900 76
94901 15
949300 72
949301 14
941000 90
941001 5
9410300 99
9410301 1
941100 95
941101 2
9411300 92
9411301 1
951200 10
951201 93
9512300 3
9512301 99
95100 1
95101 99
951300 1
951301 95
95200 1
95201 88
952300 10
952301 89
95300 1
95301 80
953300 1
953301 92
95400 5
95401 63
954300 11
954301 55
95500 1
95501 59
955300 10
955301 58
95600 7
95601 47
956300 12
956301 53
95700 32
95701 45
957300 18
957301 27
95800 29
95801 28
958300 74
958301 15
95900 71
95901 3
959300 83
959301 14
951000 81
951001 13
9510300 97
9510301 10
951100 99
951101 5
9511300 99
9511301 7
961200 1
961201 99
9612300 8
9612301 99
96100 10
96101 87
961300 4
961301 99
96200 1
96201 85
962300 1
962301 82
96300 1
96301 93
963300 1
963301 83
96400 1
96401 70
964300 2
964301 60
96500 10
96501 66
965300 13
965301 49
96600 7
96601 44
966300 8
966301 55
96700 27
96701 33
967300 32
967301 26
96800 37
96801 17
968300 74
968301 11
96900 67
96901 3
969300 85
969301 10
961000 81
961001 12
9610300 99
9610301 14
961100 95
961101 1
9611300 99
9611301 1
971200 6
971201 99
9712300 5
9712301 99
97100 10
97101 99
971300 1
971301 86
97200 1
97201 99
972300 1
972301 88
97300 1
97301 95
973300 1
973301 89
97400 1
97401 76
974300 4
974301 57
97500 1
97501 64
975300 10
975301 44
97600 3
97601 42
976300 21
976301 57
97700 33
97701 31
977300 27
977301 29
97800 29
97801 36
978300 67
978301 4
97900 76
97901 1
979300 69
979301 13
971000 81
971001 15
9710300 92
9710301 3
971100 96
971101 1
9711300 99
9711301 5
1011200 1
1011201 99
10112300 8
10112301 99
101100 1
101101 99
1011300 5
1011301 95
101200 5
101201 89
1012300 1
1012301 90
101300 2
101301 91
1013300 9
1013301 76
101400 1
101401 76
1014300 1
1014301 57
101500 10
101501 63
1015300 18
1015301 45
101600 13
101601 49
1016300 3
1016301 45
101700 16
101701 42
1017300 26
1017301 35
101800 48
101801 28
1018300 62
1018301 15
101900 65
101901 8
1019300 70
1019301 15
1011000 99
1011001 5
10110300 99
10110301 4
1011100 99
1011101 6
10111300 97
10111301 1
1021200 1
1021201 91
10212300 3
10212301 96
102100 1
102101 96
1021300 8
1021301 99
102200 1
102201 84
1022300 1
1022301 95
102300 4
102301 87
1023300 1
1023301 89
102400 1
102401 74
1024300 1
1024301 59
102500 17
102501 56
1025300 13
1025301 49
102600 18
102601 60
1026300 10
1026301 50
102700 26
102701 40
1027300 20
1027301 28
102800 40
102801 17
1028300 67
1028301 18
102900 74
102901 16
1029300 70
1029301 13
1021000 89
1021001 8
10210300 86
10210301 14
1021100 99
1021101 7
10211300 99
10211301 1
1031200 1
1031201 97
10312300 1
10312301 97
103100 1
103101 95
1031300 1
1031301 92
103200 8
103201 85
1032300 1
1032301 89
103300 1
103301 85
1033300 1
1033301 75
103400 1
103401 76
1034300 5
1034301 60
103500 14
103501 60
1035300 2
1035301 56
103600 16
103601 53
1036300 11
1036301 55
103700 25
103701 37
1037300 18
1037301 38
103800 43
103801 20
1038300 65
1038301 14
103900 77
103901 13
1039300 78
1039301 6
1031000 90
1031001 5
10310300 98
10310301 1
1031100 99
1031101 3
10311300 93
10311301 1
1041200 7
1041201 99
10412300 7
10412301 93
104100 1
104101 89
1041300 1
1041301 99
104200 1
104201 93
1042300 1
1042301 93
104300 1
104301 86
1043300 1
1043301 87
104400 1
104401 69
1044300 1
1044301 54
104500 15
104501 65
1045300 10
1045301 47
104600 14
104601 53
1046300 3
1046301 51
104700 27
104701 47
1047300 19
1047301 24
104800 41
104801 30
1048300 75
1048301 21
104900 63
104901 17
1049300 84
1049301 1
1041000 86
1041001 1
10410300 99
10410301 13
1041100 89
1041101 1
10411300 91
10411301 2
1051200 1
1051201 99
10512300 1
10512301 99
105100 7
105101 99
1051300 1
1051301 87
105200 6
105201 89
1052300 1
1052301 96
105300 1
105301 95
1053300 2
1053301 75
105400 1
105401 65
1054300 1
1054301 67
105500 7
105501 59
1055300 17
1055301 62
105600 6
105601 46
1056300 15
1056301 45
105700 19
105701 44
1057300 27
1057301 32
105800 39
105801 28
1058300 73
1058301 6
105900 75
105901 12
1059300 69
1059301 1
1051000 83
1051001 5
10510300 99
10510301 12
1051100 99
1051101 1
10511300 94
10511301 1
1061200 2
1061201 99
10612300 7
10612301 91
106100 9
106101 99
1061300 1
1061301 99
106200 1
106201 91
1062300 1
1062301 94
106300 1
106301 82
1063300 1
1063301 91
106400 1
106401 64
1064300 6
1064301 66
106500 5
106501 57
1065300 11
1065301 55
106600 14
106601 56
1066300 4
1066301 41
106700 26
106701 38
1067300 31
1067301 24
106800 46
106801 24
1068300 66
1068301 13
106900 78
106901 19
1069300 72
1069301 10
1061000 87
1061001 15
10610300 86
10610301 1
1061100 99
1061101 5
10611300 90
10611301 11
1071200 10
1071201 99
10712300 6
10712301 99
107100 1
107101 99
1071300 1
1071301 99
107200 1
107201 83
1072300 3
1072301 95
107300 3
107301 96
1073300 1
1073301 87
107400 1
107401 68
1074300 3
1074301 57
107500 15
107501 52
1075300 18
1075301 52
107600 15
107601 46
1076300 12
1076301 55
107700 28
107701 34
1077300 25
1077301 26
107800 37
107801 35
1078300 61
1078301 9
107900 75
107901 5
1079300 73
1079301 11
1071000 82
1071001 15
10710300 99
10710301 14
1071100 99
1071101 3
10711300 99
10711301 3
1111200 1
1111201 93
11112300 1
11112301 97
111100 1
111101 96
1111300 1
1111301 99
111200 5
111201 83
1112300 1
1112301 96
111300 1
111301 92
1113300 1
1113301 93
111400 4
111401 73
1114300 1
1114301 56
111500 4
111501 65
1115300 17
1115301 57
111600 16
111601 44
1116300 5
1116301 41
111700 30
111701 45
1117300 23
1117301 33
111800 46
111801 19
1118300 69
1118301 19
111900 72
111901 5
1119300 77
1119301 2
1111000 98
1111001 1
11110300 95
11110301 11
1111100 99
1111101 1
11111300 99
11111301 7
1121200 3
1121201 96
11212300 4
11212301 91
112100 1
112101 96
1121300 1
1121301 90
112200 1
112201 99
1122300 1
1122301 90
112300 1
112301 89
1123300 6
1123301 84
112400 4
112401 62
1124300 1
1124301 70
112500 7
112501 64
1125300 8
1125301 49
112600 17
112601 59
1126300 17
1126301 48
112700 35
112701 50
1127300 36
1127301 23
112800 31
112801 32
1128300 75
1128301 21
112900 78
112901 4
1129300 78
1129301 11
1121000 89
1121001 9
11210300 96
11210301 4
1121100 99
1121101 1
11211300 94
11211301 11
1131200 1
1131201 91
11312300 3
11312301 99
113100 1
113101 95
1131300 3
1131301 92
113200 1
113201 97
1132300 2
1132301 86
113300 4
113301 91
1133300 1
1133301 77
113400 1
113401 74
1134300 1
1134301 62
113500 16
113501 54
1135300 7
1135301 46
113600 5
113601 56
1136300 9
1136301 54
113700 21
113701 32
1137300 36
1137301 39
113800 33
113801 24
1138300 65
1138301 16
113900 69
113901 7
1139300 72
1139301 16
1131000 90
1131001 1
11310300 99
11310301 5
1131100 99
1131101 1
11311300 99
11311301 5
1141200 1
1141201 92
11412300 1
11412301 99
114100 1
114101 99
1141300 10
1141301 92
114200 1
114201 99
1142300 1
1142301 99
114300 1
114301 80
1143300 1
1143301 92
114400 1
114401 65
1144300 2
1144301 59
114500 1
114501 66
1145300 17
1145301 58
114600 13
114601 45
1146300 15
1146301 56
114700 18
114701 40
1147300 35
1147301 34
114800 41
114801 35
1148300 76
1148301 20
114900 69
114901 14
1149300 73
1149301 13
1141000 81
1141001 8
11410300 88
11410301 3
1141100 97
1141101 3
11411300 99
11411301 12
1151200 3
1151201 92
11512300 1
11512301 96
115100 1
115101 99
1151300 4
1151301 89
115200 1
115201 88
1152300 1
1152301 97
115300 1
115301 90
1153300 1
1153301 79
115400 1
115401 71
1154300 1
1154301 55
115500 16
115501 52
1155300 6
1155301 60
115600 1
115601 53
1156300 16
1156301 39
115700 25
115701 37
1157300 30
1157301 42
115800 47
115801 23
1158300 72
1158301 5
115900 80
115901 14
1159300 77
1159301 6
1151000 89
1151001 1
11510300 98
11510301 1
1151100 99
1151101 13
11511300 96
11511301 1
1161200 1
1161201 99
11612300 5
11612301 99
116100 1
116101 99
1161300 1
1161301 99
116200 1
116201 89
1162300 1
1162301 88
116300 2
116301 77
1163300 1
1163301 90
116400 1
116401 70
1164300 1
1164301 62
116500 1
116501 59
1165300 16
1165301 47
116600 18
116601 52
1166300 5
1166301 39
116700 30
116701 48
1167300 23
1167301 23
116800 38
116801 36
1168300 69
1168301 20
116900 72
116901 2
1169300 70
1169301 13
1161000 89
1161001 7
11610300 90
11610301 2
1161100 99
1161101 1
11611300 93
11611301 4
1171200 1
1171201 95
11712300 1
11712301 99
117100 1
117101 99
1171300 1
1171301 89
117200 1
117201 99
1172300 1
1172301 97
117300 1
117301 79
1173300 1
1173301 90
117400 1
117401 63
1174300 11
1174301 69
117500 7
117501 57
1175300 8
1175301 62
117600 14
117601 57
1176300 2
1176301 55
117700 19
117701 41
1177300 18
1177301 29
117800 46
117801 22
1178300 73
1178301 9
117900 76
117901 7
1179300 76
1179301 5
1171000 90
1171001 5
11710300 90
11710301 7
1171100 99
1171101 11
11711300 99
11711301 12
