011200 4
011201 91
0112300 1
0112301 95
01100 9
01101 91
011300 1
011301 89
01200 1
01201 87
012300 1
012301 99
01300 4
01301 91
013300 6
013301 76
01400 8
01401 62
014300 1
014301 56
01500 4
01501 66
015300 6
015301 46
01600 16
01601 58
016300 12
016301 48
01700 25
01701 36
017300 30
017301 30
01800 45
01801 32
018300 62
018301 11
01900 70
01901 11
019300 84
019301 1
011000 81
011001 3
0110300 99
0110301 12
011100 99
011101 1
0111300 93
0111301 10
021200 1
021201 99
0212300 2
0212301 89
02100 1
02101 99
021300 1
021301 90
02200 5
02201 86
022300 2
022301 89
02300 1
02301 84
023300 5
023301 78
02400 1
02401 80
024300 2
024301 55
02500 1
02501 67
025300 8
025301 47
02600 14
02601 43
026300 10
026301 47
02700 24
02701 47
027300 26
027301 23
02800 32
02801 17
028300 76
028301 16
02900 82
02901 9
029300 85
029301 13
021000 98
021001 11
0210300 89
0210301 1
021100 96
021101 1
0211300 90
0211301 9
031200 6
031201 99
0312300 3
0312301 89
03100 1
03101 99
031300 6
031301 90
03200 7
03201 99
032300 10
032301 81
03300 1
03301 81
033300 1
033301 93
03400 10
03401 66
034300 5
034301 70
03500 15
03501 63
035300 9
035301 54
03600 1
03601 43
036300 14
036301 41
03700 23
03701 36
037300 20
037301 26
03800 35
03801 24
038300 73
038301 16
03900 64
03901 20
039300 72
039301 3
031000 95
031001 12
0310300 98
0310301 10
031100 99
031101 1
0311300 99
0311301 1
041200 1
041201 97
0412300 1
0412301 90
04100 1
04101 93
041300 4
041301 93
04200 1
04201 89
042300 1
042301 89
04300 1
04301 96
043300 1
043301 76
04400 1
04401 68
044300 9
044301 66
04500 11
04501 69
045300 7
045301 61
04600 18
04601 52
046300 6
046301 42
04700 31
04701 38
047300 31
047301 26
04800 39
04801 24
048300 77
048301 22
04900 75
04901 14
049300 77
049301 5
041000 91
041001 2
0410300 95
0410301 1
041100 99
041101 6
0411300 93
0411301 11
051200 1
051201 94
0512300 1
0512301 89
05100 1
05101 88
051300 5
051301 99
05200 4
05201 91
052300 1
052301 81
05300 1
05301 88
053300 1
053301 84
05400 7
05401 76
054300 1
054301 65
05500 4
05501 65
055300 4
055301 52
05600 12
05601 60
056300 9
056301 53
05700 23
05701 32
057300 34
057301 25
05800 43
05801 19
058300 75
058301 3
05900 82
05901 12
059300 84
059301 14
051000 87
051001 7
0510300 97
0510301 4
051100 99
051101 11
0511300 97
0511301 1
061200 2
061201 99
0612300 1
0612301 99
06100 1
06101 99
061300 9
061301 99
06200 1
06201 88
062300 3
062301 95
06300 1
06301 81
063300 1
063301 88
06400 2
06401 66
064300 9
064301 59
06500 10
06501 65
065300 14
065301 47
06600 1
06601 47
066300 6
066301 47
06700 26
06701 39
067300 28
067301 35
06800 39
06801 26
068300 67
068301 18
06900 67
06901 13
069300 69
069301 13
061000 98
061001 10
0610300 94
0610301 14
061100 99
061101 5
0611300 95
0611301 1
071200 1
071201 97
0712300 1
0712301 99
07100 1
07101 99
071300 1
071301 96
07200 1
07201 89
072300 8
072301 99
07300 1
07301 88
073300 7
073301 82
07400 1
07401 78
074300 1
074301 62
07500 12
07501 69
075300 12
075301 47
07600 7
07601 41
076300 15
076301 49
07700 34
07701 48
077300 36
077301 38
07800 45
07801 26
078300 75
078301 5
07900 69
07901 8
079300 71
079301 2
071000 92
071001 1
0710300 91
0710301 7
071100 90
071101 10
0711300 99
0711301 1
111200 1
111201 90
1112300 1
1112301 94
11100 4
11101 99
111300 1
111301 99
11200 1
11201 93
112300 6
112301 83
11300 1
11301 93
113300 6
113301 75
11400 5
11401 80
114300 11
114301 57
11500 11
11501 63
115300 2
115301 54
11600 17
11601 51
116300 20
116301 56
11700 18
11701 36
117300 18
117301 26
11800 47
11801 22
118300 74
118301 10
11900 69
11901 11
119300 75
119301 10
111000 87
111001 11
1110300 99
1110301 3
111100 91
111101 11
1111300 91
1111301 1
121200 3
121201 94
1212300 1
1212301 97
12100 1
12101 99
121300 1
121301 98
12200 2
12201 84
122300 1
122301 95
12300 1
12301 82
123300 1
123301 76
12400 9
12401 74
124300 10
124301 64
12500 9
12501 58
125300 16
125301 50
12600 1
12601 50
126300 10
126301 49
12700 30
12701 43
127300 18
127301 39
12800 37
12801 34
128300 69
128301 4
12900 73
12901 20
129300 78
129301 7
121000 81
121001 5
1210300 99
1210301 14
121100 99
121101 1
1211300 99
1211301 10
131200 10
131201 99
1312300 5
1312301 99
13100 1
13101 95
131300 1
131301 88
13200 5
13201 89
132300 10
132301 96
13300 1
13301 80
133300 1
133301 81
13400 1
13401 67
134300 5
134301 63
13500 1
13501 66
135300 1
135301 62
13600 3
13601 52
136300 9
136301 41
13700 34
13701 31
137300 21
137301 24
13800 33
13801 31
138300 66
138301 11
13900 78
13901 18
139300 81
139301 15
131000 85
131001 6
1310300 99
1310301 1
131100 90
131101 7
1311300 98
1311301 1
141200 5
141201 91
1412300 10
1412301 99
14100 1
14101 99
141300 4
141301 93
14200 8
14201 94
142300 5
142301 99
14300 1
14301 77
143300 4
143301 93
14400 6
14401 72
144300 8
144301 71
14500 17
14501 54
145300 9
145301 51
14600 9
14601 41
146300 12
146301 39
14700 27
14701 48
147300 27
147301 28
14800 37
14801 33
148300 62
148301 19
14900 72
14901 10
149300 71
149301 2
141000 88
141001 15
1410300 99
1410301 6
141100 99
141101 12
1411300 99
1411301 8
151200 1
151201 99
1512300 1
1512301 95
15100 10
15101 99
151300 1
151301 89
15200 10
15201 86
152300 1
152301 97
15300 1
15301 82
153300 9
153301 87
15400 1
15401 80
154300 4
154301 69
15500 3
15501 63
155300 9
155301 49
15600 18
15601 50
156300 16
156301 48
15700 30
15701 40
157300 35
157301 29
15800 46
15801 26
158300 64
158301 19
15900 79
15901 1
159300 66
159301 6
151000 99
151001 8
1510300 89
1510301 8
151100 99
151101 7
1511300 99
1511301 1
161200 1
161201 98
1612300 1
1612301 99
16100 1
16101 98
161300 5
161301 98
16200 1
16201 97
162300 1
162301 95
16300 6
16301 90
163300 1
163301 91
16400 1
16401 81
164300 1
164301 67
16500 8
16501 66
165300 1
165301 62
16600 16
16601 56
166300 7
166301 58
16700 30
16701 38
167300 31
167301 33
16800 40
16801 19
168300 61
168301 8
16900 68
16901 1
169300 79
169301 6
161000 87
161001 5
1610300 88
1610301 1
161100 97
161101 6
1611300 94
1611301 9
171200 1
171201 97
1712300 4
1712301 99
17100 9
17101 99
171300 8
171301 99
17200 1
17201 99
172300 3
172301 92
17300 1
17301 79
173300 2
173301 88
17400 1
17401 78
174300 1
174301 60
17500 2
17501 60
175300 3
175301 57
17600 1
17601 45
176300 13
176301 49
17700 21
17701 41
177300 26
177301 29
17800 30
17801 25
178300 76
178301 14
17900 69
17901 14
179300 71
179301 12
171000 93
171001 1
1710300 99
1710301 12
171100 99
171101 12
1711300 89
1711301 8
211200 5
211201 99
2112300 7
2112301 99
21100 8
21101 91
211300 1
211301 95
21200 1
21201 85
212300 4
212301 99
21300 2
21301 92
213300 1
213301 74
21400 1
21401 70
214300 6
214301 61
21500 6
21501 59
215300 18
215301 63
21600 2
21601 58
216300 16
216301 40
21700 27
21701 44
217300 32
217301 26
21800 30
21801 32
218300 74
218301 20
21900 66
21901 11
219300 69
219301 17
211000 91
211001 12
2110300 99
2110301 1
211100 99
211101 3
2111300 99
2111301 8
221200 10
221201 99
2212300 8
2212301 99
22100 3
22101 96
221300 3
221301 87
22200 5
22201 85
222300 1
222301 91
22300 1
22301 87
223300 7
223301 74
22400 7
22401 72
224300 1
224301 58
22500 5
22501 62
225300 2
225301 56
22600 9
22601 56
226300 18
226301 47
22700 21
22701 31
227300 23
227301 23
22800 34
22801 26
228300 76
228301 16
22900 80
22901 13
229300 70
229301 16
221000 83
221001 11
2210300 91
2210301 1
221100 99
221101 6
2211300 99
2211301 1
231200 1
231201 99
2312300 2
2312301 99
23100 6
23101 98
231300 1
231301 99
23200 1
23201 85
232300 2
232301 94
23300 1
23301 92
233300 5
233301 82
23400 10
23401 62
234300 2
234301 63
23500 3
23501 55
235300 7
235301 47
23600 11
23601 44
236300 14
236301 41
23700 23
23701 39
237300 18
237301 41
23800 29
23801 30
238300 61
238301 21
23900 71
23901 8
239300 79
239301 10
231000 91
231001 1
2310300 99
2310301 1
231100 99
231101 9
2311300 99
2311301 3
241200 1
241201 99
2412300 10
2412301 97
24100 10
24101 94
241300 1
241301 99
24200 8
24201 85
242300 1
242301 98
24300 1
24301 87
243300 8
243301 92
24400 9
24401 68
244300 1
244301 67
24500 6
24501 50
245300 4
245301 47
24600 14
24601 51
246300 15
246301 44
24700 21
24701 48
247300 32
247301 29
24800 29
24801 36
248300 70
248301 5
24900 72
24901 8
249300 67
249301 1
241000 82
241001 7
2410300 86
2410301 6
241100 99
241101 6
2411300 99
2411301 4
251200 9
251201 99
2512300 1
2512301 97
25100 1
25101 99
251300 1
251301 89
25200 1
25201 92
252300 5
252301 82
25300 3
25301 84
253300 10
253301 74
25400 4
25401 66
254300 1
254301 70
25500 6
25501 59
255300 7
255301 51
25600 15
25601 47
256300 10
256301 55
25700 29
25701 42
257300 20
257301 34
25800 45
25801 36
258300 63
258301 13
25900 66
25901 6
259300 70
259301 1
251000 82
251001 15
2510300 99
2510301 12
251100 89
251101 5
2511300 98
2511301 1
261200 10
261201 89
2612300 9
2612301 99
26100 1
26101 99
261300 9
261301 98
26200 3
26201 94
262300 1
262301 96
26300 10
26301 95
263300 7
263301 77
26400 1
26401 70
264300 1
264301 68
26500 12
26501 57
265300 9
265301 63
26600 16
26601 50
266300 21
266301 49
26700 21
26701 31
267300 32
267301 23
26800 35
26801 27
268300 73
268301 17
26900 65
26901 19
269300 78
269301 7
261000 95
261001 14
2610300 90
2610301 11
261100 99
261101 7
2611300 94
2611301 8
271200 1
271201 99
2712300 1
2712301 99
27100 10
27101 99
271300 1
271301 99
27200 1
27201 99
272300 5
272301 98
27300 2
27301 80
273300 1
273301 88
27400 10
27401 70
274300 1
274301 66
27500 13
27501 57
275300 3
275301 61
27600 1
27601 56
276300 12
276301 52
27700 21
27701 38
277300 25
277301 40
27800 39
27801 22
278300 73
278301 7
27900 81
27901 9
279300 71
279301 1
271000 84
271001 1
2710300 89
2710301 1
271100 90
271101 1
2711300 99
2711301 1
311200 3
311201 99
3112300 1
3112301 96
31100 1
31101 99
311300 5
311301 95
31200 1
31201 90
312300 1
312301 85
31300 1
31301 79
313300 1
313301 83
31400 10
31401 71
314300 1
314301 67
31500 12
31501 59
315300 8
315301 63
31600 5
31601 44
316300 17
316301 54
31700 35
31701 31
317300 20
317301 27
31800 34
31801 20
318300 72
318301 12
31900 63
31901 11
319300 82
319301 7
311000 94
311001 12
3110300 95
3110301 7
311100 97
311101 12
3111300 98
3111301 4
321200 10
321201 99
3212300 4
3212301 99
32100 5
32101 88
321300 1
321301 90
32200 1
32201 83
322300 1
322301 87
32300 9
32301 77
323300 1
323301 92
32400 1
32401 79
324300 4
324301 55
32500 15
32501 55
325300 7
325301 55
32600 5
32601 42
326300 19
326301 44
32700 18
32701 50
327300 25
327301 27
32800 29
32801 17
328300 72
328301 6
32900 81
32901 2
329300 85
329301 16
321000 87
321001 1
3210300 99
3210301 13
321100 99
321101 10
3211300 99
3211301 1
331200 3
331201 99
3312300 1
3312301 99
33100 1
33101 90
331300 3
331301 96
33200 7
33201 90
332300 1
332301 99
33300 1
33301 83
333300 4
333301 89
33400 1
33401 75
334300 1
334301 71
33500 1
33501 57
335300 12
335301 48
33600 1
33601 43
336300 14
336301 53
33700 21
33701 36
337300 29
337301 34
33800 30
33801 24
338300 75
338301 22
33900 69
33901 9
339300 79
339301 10
331000 90
331001 13
3310300 94
3310301 7
331100 99
331101 7
3311300 92
3311301 1
341200 8
341201 92
3412300 1
3412301 96
34100 4
34101 99
341300 1
341301 99
34200 1
34201 85
342300 1
342301 99
34300 1
34301 78
343300 1
343301 81
34400 7
34401 77
344300 1
344301 63
34500 8
34501 58
345300 1
345301 57
34600 7
34601 48
346300 11
346301 44
34700 34
34701 32
347300 19
347301 30
34800 44
34801 30
348300 68
348301 3
34900 66
34901 1
349300 67
349301 11
341000 92
341001 12
3410300 99
3410301 2
341100 89
341101 13
3411300 95
3411301 10
351200 1
351201 99
3512300 1
3512301 92
35100 1
35101 99
351300 7
351301 99
35200 1
35201 94
352300 1
352301 99
35300 1
35301 81
353300 4
353301 74
35400 8
35401 72
354300 9
354301 65
35500 12
35501 52
355300 1
355301 50
35600 14
35601 56
356300 15
356301 50
35700 24
35701 42
357300 32
357301 32
35800 38
35801 18
358300 70
358301 20
35900 79
35901 6
359300 80
359301 6
351000 96
351001 4
3510300 99
3510301 12
351100 99
351101 3
3511300 99
3511301 1
361200 7
361201 91
3612300 3
3612301 99
36100 4
36101 96
361300 1
361301 96
36200 9
36201 90
362300 7
362301 93
36300 8
36301 83
363300 8
363301 76
36400 3
36401 80
364300 5
364301 67
36500 2
36501 61
365300 8
365301 62
36600 6
36601 41
366300 13
366301 48
36700 31
36701 50
367300 28
367301 30
36800 34
36801 26
368300 60
368301 19
36900 76
36901 10
369300 70
369301 1
361000 82
361001 1
3610300 99
3610301 6
361100 95
361101 6
3611300 96
3611301 8
371200 8
371201 98
3712300 4
3712301 99
37100 10
37101 99
371300 1
371301 86
37200 1
37201 99
372300 1
372301 98
37300 1
37301 81
373300 1
373301 88
37400 6
37401 81
374300 1
374301 66
37500 15
37501 64
375300 17
375301 62
37600 1
37601 46
376300 21
376301 43
37700 27
37701 42
377300 18
377301 25
37800 39
37801 21
378300 60
378301 21
37900 74
37901 16
379300 66
379301 4
371000 94
371001 1
3710300 99
3710301 8
371100 91
371101 2
3711300 99
3711301 1
411200 6
411201 99
4112300 1
4112301 93
41100 7
41101 99
411300 6
411301 91
41200 3
41201 88
412300 10
412301 82
41300 5
41301 78
413300 10
413301 78
41400 10
41401 65
414300 1
414301 62
41500 4
41501 62
415300 9
415301 54
41600 11
41601 49
416300 18
416301 42
41700 29
41701 44
417300 28
417301 29
41800 37
41801 28
418300 62
418301 15
41900 82
41901 1
419300 74
419301 1
411000 84
411001 14
4110300 99
4110301 1
411100 99
411101 8
4111300 98
4111301 4
421200 1
421201 98
4212300 1
4212301 99
42100 1
42101 99
421300 2
421301 90
42200 2
42201 98
422300 1
422301 93
42300 1
42301 88
423300 5
423301 74
42400 1
42401 65
424300 1
424301 72
42500 12
42501 66
425300 1
425301 47
42600 2
42601 50
426300 18
426301 51
42700 20
42701 49
427300 32
427301 34
42800 37
42801 34
428300 59
428301 13
42900 77
42901 7
429300 73
429301 1
421000 93
421001 1
4210300 99
4210301 9
421100 93
421101 13
4211300 99
4211301 6
431200 1
431201 93
4312300 1
4312301 99
43100 5
43101 87
431300 1
431301 92
43200 1
43201 97
432300 1
432301 89
43300 1
43301 90
433300 1
433301 89
43400 1
43401 64
434300 1
434301 54
43500 6
43501 55
435300 1
435301 54
43600 2
43601 59
436300 15
436301 43
43700 35
43701 37
437300 22
437301 41
43800 38
43801 36
438300 60
438301 12
43900 79
43901 18
439300 76
439301 1
431000 97
431001 13
4310300 90
4310301 9
431100 94
431101 5
4311300 99
4311301 8
441200 1
441201 95
4412300 1
4412301 99
44100 1
44101 87
441300 1
441301 86
44200 1
44201 99
442300 9
442301 98
44300 1
44301 94
443300 1
443301 80
44400 5
44401 76
444300 3
444301 66
44500 13
44501 58
445300 7
445301 55
44600 4
44601 47
446300 4
446301 55
44700 21
44701 32
447300 20
447301 30
44800 32
44801 27
448300 58
448301 7
44900 82
44901 6
449300 76
449301 16
441000 89
441001 13
4410300 91
4410301 9
441100 99
441101 11
4411300 99
4411301 2
451200 1
451201 99
4512300 4
4512301 95
45100 1
45101 88
451300 3
451301 99
45200 6
45201 93
452300 3
452301 85
45300 1
45301 87
453300 1
453301 83
45400 3
45401 62
454300 7
454301 65
45500 6
45501 50
455300 6
455301 53
45600 3
45601 57
456300 8
456301 55
45700 22
45701 47
457300 31
457301 38
45800 39
45801 34
458300 72
458301 7
45900 71
45901 7
459300 80
459301 17
451000 92
451001 14
4510300 97
4510301 1
451100 99
451101 1
4511300 98
4511301 1
461200 1
461201 95
4612300 1
4612301 99
46100 1
46101 99
461300 9
461301 99
46200 8
46201 99
462300 3
462301 84
46300 1
46301 80
463300 1
463301 83
46400 1
46401 71
464300 10
464301 69
46500 1
46501 56
465300 6
465301 61
46600 13
46601 55
466300 17
466301 56
46700 22
46701 31
467300 30
467301 37
46800 46
46801 20
468300 72
468301 18
46900 74
46901 4
469300 81
469301 16
461000 95
461001 4
4610300 97
4610301 8
461100 96
461101 1
4611300 97
4611301 2
471200 2
471201 94
4712300 3
4712301 99
47100 1
47101 96
471300 1
471301 91
47200 8
47201 92
472300 1
472301 82
47300 2
47301 94
473300 1
473301 83
47400 2
47401 63
474300 8
474301 61
47500 13
47501 63
475300 18
475301 60
47600 3
47601 45
476300 19
476301 46
47700 31
47701 31
477300 34
477301 34
47800 34
47801 32
478300 58
478301 4
47900 70
47901 9
479300 72
479301 10
471000 85
471001 1
4710300 94
4710301 14
471100 99
471101 6
4711300 99
4711301 7
511200 3
511201 95
5112300 1
5112301 99
51100 7
51101 99
511300 1
511301 88
51200 1
51201 99
512300 1
512301 92
51300 9
51301 91
513300 1
513301 87
51400 1
51401 79
514300 1
514301 56
51500 15
51501 64
515300 6
515301 59
51600 11
51601 57
516300 21
516301 57
51700 34
51701 32
517300 20
517301 29
51800 37
51801 19
518300 67
518301 17
51900 74
51901 5
519300 73
519301 14
511000 91
511001 3
5110300 99
5110301 8
511100 97
511101 1
5111300 94
5111301 5
521200 1
521201 97
5212300 1
5212301 99
52100 4
52101 99
521300 10
521301 99
52200 1
52201 99
522300 5
522301 99
52300 1
52301 93
523300 1
523301 81
52400 1
52401 63
524300 11
524301 64
52500 15
52501 57
525300 8
525301 59
52600 18
52601 43
526300 6
526301 46
52700 27
52701 43
527300 32
527301 38
52800 32
52801 20
528300 63
528301 8
52900 78
52901 10
529300 84
529301 4
521000 94
521001 1
5210300 99
5210301 5
521100 92
521101 1
5211300 99
5211301 1
531200 1
531201 92
5312300 2
5312301 99
53100 8
53101 98
531300 1
531301 99
53200 4
53201 94
532300 1
532301 93
53300 1
53301 83
533300 5
533301 77
53400 1
53401 65
534300 8
534301 68
53500 4
53501 64
535300 16
535301 45
53600 5
53601 51
536300 18
536301 56
53700 33
53701 35
537300 23
537301 24
53800 43
53801 23
538300 71
538301 12
53900 80
53901 6
539300 71
539301 9
531000 86
531001 1
5310300 97
5310301 5
531100 99
531101 1
5311300 99
5311301 6
541200 1
541201 99
5412300 1
5412301 96
54100 6
54101 88
541300 5
541301 95
54200 1
54201 89
542300 8
542301 84
54300 1
54301 81
543300 1
543301 93
54400 9
54401 78
544300 6
544301 57
54500 4
54501 55
545300 2
545301 54
54600 14
54601 50
546300 6
546301 58
54700 34
54701 33
547300 31
547301 39
54800 48
54801 33
548300 74
548301 15
54900 64
54901 16
549300 85
549301 6
541000 98
541001 6
5410300 99
5410301 1
541100 99
541101 1
5411300 95
5411301 1
551200 9
551201 91
5512300 3
5512301 99
55100 1
55101 97
551300 1
551301 92
55200 4
55201 95
552300 6
552301 88
55300 1
55301 87
553300 1
553301 81
55400 3
55401 66
554300 1
554301 56
55500 16
55501 50
555300 11
555301 55
55600 10
55601 57
556300 12
556301 56
55700 34
55701 31
557300 19
557301 38
55800 42
55801 18
558300 62
558301 9
55900 80
55901 8
559300 85
559301 6
551000 84
551001 12
5510300 97
5510301 11
551100 99
551101 1
5511300 97
5511301 1
561200 2
561201 99
5612300 10
5612301 90
56100 5
56101 87
561300 9
561301 95
56200 1
56201 99
562300 1
562301 96
56300 1
56301 79
563300 1
563301 74
56400 9
56401 65
564300 1
564301 68
56500 1
56501 58
565300 4
565301 48
56600 11
56601 52
566300 7
566301 40
56700 19
56701 34
567300 31
567301 29
56800 46
56801 18
568300 73
568301 10
56900 64
56901 13
569300 84
569301 7
561000 99
561001 1
5610300 98
5610301 10
561100 92
561101 2
5611300 98
5611301 1
571200 1
571201 99
5712300 1
5712301 99
57100 1
57101 99
571300 1
571301 87
57200 1
57201 90
572300 7
572301 84
57300 10
57301 84
573300 1
573301 75
57400 6
57401 71
574300 1
574301 59
57500 8
57501 63
575300 1
575301 58
57600 13
57601 41
576300 10
576301 42
57700 24
57701 31
577300 36
577301 25
57800 29
57801 23
578300 62
578301 15
57900 79
57901 3
579300 78
579301 7
571000 99
571001 1
5710300 90
5710301 8
571100 93
571101 6
5711300 99
5711301 6
611200 10
611201 99
6112300 1
6112301 99
61100 1
61101 93
611300 1
611301 99
61200 1
61201 93
612300 1
612301 98
61300 1
61301 90
613300 1
613301 80
61400 1
61401 80
614300 1
614301 59
61500 6
61501 68
615300 6
615301 58
61600 18
61601 55
616300 9
616301 48
61700 26
61701 33
617300 30
617301 23
61800 45
61801 30
618300 76
618301 18
61900 72
61901 12
619300 71
619301 7
611000 81
611001 2
6110300 99
6110301 1
611100 99
611101 1
6111300 99
6111301 5
621200 1
621201 90
6212300 3
6212301 92
62100 4
62101 95
621300 8
621301 97
62200 1
62201 96
622300 1
622301 88
62300 1
62301 93
623300 1
623301 84
62400 1
62401 71
624300 9
624301 55
62500 12
62501 68
625300 8
625301 58
62600 9
62601 60
626300 3
626301 42
62700 18
62701 33
627300 36
627301 42
62800 43
62801 25
628300 77
628301 7
62900 79
62901 9
629300 73
629301 12
621000 88
621001 15
6210300 92
6210301 8
621100 99
621101 9
6211300 96
6211301 5
631200 1
631201 97
6312300 1
6312301 99
63100 1
63101 98
631300 4
631301 99
63200 1
63201 86
632300 10
632301 98
63300 2
63301 93
633300 6
633301 89
63400 1
63401 71
634300 3
634301 67
63500 13
63501 68
635300 15
635301 62
63600 7
63601 59
636300 2
636301 56
63700 30
63701 45
637300 27
637301 34
63800 41
63801 25
638300 68
638301 5
63900 68
63901 17
639300 80
639301 10
631000 85
631001 15
6310300 98
6310301 14
631100 99
631101 11
6311300 90
6311301 5
641200 5
641201 99
6412300 6
6412301 99
64100 9
64101 99
641300 4
641301 86
64200 9
64201 99
642300 1
642301 92
64300 8
64301 78
643300 1
643301 86
64400 1
64401 71
644300 1
644301 61
64500 11
64501 61
645300 1
645301 57
64600 8
64601 60
646300 13
646301 51
64700 31
64701 46
647300 30
647301 33
64800 45
64801 28
648300 67
648301 9
64900 76
64901 1
649300 77
649301 1
641000 98
641001 13
6410300 97
6410301 6
641100 96
641101 2
6411300 99
6411301 2
651200 1
651201 98
6512300 8
6512301 99
65100 1
65101 99
651300 1
651301 99
65200 1
65201 88
652300 1
652301 85
65300 3
65301 91
653300 1
653301 84
65400 9
65401 70
654300 1
654301 58
65500 1
65501 67
655300 1
655301 57
65600 14
65601 44
656300 15
656301 53
65700 24
65701 38
657300 31
657301 42
65800 34
65801 20
658300 59
658301 11
65900 73
65901 15
659300 66
659301 17
651000 91
651001 1
6510300 99
6510301 1
651100 96
651101 5
6511300 99
6511301 3
661200 1
661201 99
6612300 1
6612301 90
66100 2
66101 96
661300 1
661301 95
66200 1
66201 93
662300 9
662301 82
66300 1
66301 88
663300 6
663301 77
66400 7
66401 75
664300 1
664301 68
66500 13
66501 69
665300 18
665301 48
66600 18
66601 47
666300 11
666301 53
66700 19
66701 50
667300 26
667301 36
66800 44
66801 36
668300 70
668301 20
66900 65
66901 19
669300 74
669301 13
661000 90
661001 12
6610300 89
6610301 5
661100 99
661101 5
6611300 98
6611301 10
671200 7
671201 93
6712300 4
6712301 99
67100 8
67101 99
671300 1
671301 94
67200 4
67201 91
672300 1
672301 81
67300 5
67301 95
673300 1
673301 84
67400 9
67401 72
674300 10
674301 54
67500 1
67501 59
675300 1
675301 52
67600 13
67601 59
676300 5
676301 44
67700 35
67701 36
677300 28
677301 38
67800 29
67801 20
678300 71
678301 14
67900 68
67901 15
679300 78
679301 7
671000 94
671001 9
6710300 87
6710301 7
671100 99
671101 5
6711300 98
6711301 10
711200 1
711201 99
7112300 7
7112301 99
71100 1
71101 99
711300 6
711301 97
71200 1
71201 91
712300 1
712301 81
71300 1
71301 91
713300 5
713301 91
71400 1
71401 64
714300 1
714301 63
71500 11
71501 66
715300 14
715301 50
71600 1
71601 60
716300 16
716301 48
71700 24
71701 49
717300 24
717301 26
71800 30
71801 23
718300 62
718301 12
71900 72
71901 10
719300 83
719301 8
711000 97
711001 1
7110300 99
7110301 2
711100 99
711101 11
7111300 98
7111301 12
721200 1
721201 99
7212300 1
7212301 99
72100 2
72101 91
721300 1
721301 86
72200 1
72201 99
722300 1
722301 85
72300 1
72301 77
723300 1
723301 80
72400 10
72401 81
724300 6
724301 62
72500 15
72501 58
725300 13
725301 55
72600 1
72601 46
726300 14
726301 58
72700 24
72701 39
727300 22
727301 23
72800 40
72801 33
728300 73
728301 8
72900 70
72901 2
729300 78
729301 16
721000 99
721001 1
7210300 90
7210301 4
721100 96
721101 10
7211300 93
7211301 10
731200 5
731201 98
7312300 1
7312301 96
73100 1
73101 93
731300 1
731301 91
73200 1
73201 88
732300 1
732301 92
73300 1
73301 89
733300 10
733301 93
73400 7
73401 73
734300 4
734301 55
73500 8
73501 55
735300 4
735301 58
73600 15
73601 46
736300 3
736301 47
73700 35
73701 35
737300 18
737301 37
73800 43
73801 28
738300 70
738301 11
73900 67
73901 4
739300 71
739301 13
731000 98
731001 7
7310300 99
7310301 7
731100 99
731101 2
7311300 99
7311301 1
741200 1
741201 99
7412300 4
7412301 99
74100 1
74101 99
741300 1
741301 88
74200 5
74201 94
742300 4
742301 84
74300 6
74301 79
743300 1
743301 76
74400 5
74401 67
744300 5
744301 61
74500 1
74501 69
745300 6
745301 59
74600 11
74601 48
746300 6
746301 48
74700 17
74701 43
747300 31
747301 35
74800 42
74801 22
748300 61
748301 8
74900 74
74901 12
749300 75
749301 4
741000 97
741001 1
7410300 90
7410301 1
741100 99
741101 10
7411300 99
7411301 1
751200 3
751201 99
7512300 1
7512301 99
75100 6
75101 89
751300 2
751301 88
75200 2
75201 93
752300 1
752301 99
75300 7
75301 95
753300 5
753301 86
75400 1
75401 73
754300 9
754301 72
75500 14
75501 53
755300 12
755301 55
75600 6
75601 60
756300 5
756301 42
75700 20
75701 44
757300 19
757301 39
75800 45
75801 30
758300 62
758301 19
75900 77
75901 10
759300 79
759301 12
751000 92
751001 4
7510300 99
7510301 12
751100 99
751101 8
7511300 91
7511301 6
761200 1
761201 99
7612300 1
7612301 99
76100 1
76101 90
761300 1
761301 94
76200 1
76201 98
762300 1
762301 88
76300 1
76301 96
763300 1
763301 87
76400 1
76401 62
764300 7
764301 53
76500 11
76501 52
765300 18
765301 57
76600 9
76601 45
766300 13
766301 54
76700 26
76701 47
767300 29
767301 26
76800 34
76801 25
768300 69
768301 21
76900 68
76901 3
769300 69
769301 11
761000 83
761001 1
7610300 99
7610301 5
761100 90
761101 4
7611300 99
7611301 1
771200 9
771201 96
7712300 5
7712301 99
77100 1
77101 90
771300 10
771301 97
77200 1
77201 99
772300 10
772301 99
77300 1
77301 95
773300 1
773301 84
77400 2
77401 63
774300 1
774301 59
77500 1
77501 60
775300 10
775301 54
77600 2
77601 42
776300 7
776301 58
77700 33
77701 33
777300 27
777301 39
77800 29
77801 31
778300 60
778301 5
77900 72
77901 6
779300 83
779301 3
771000 88
771001 1
7710300 99
7710301 5
771100 99
771101 1
7711300 94
7711301 1
811200 6
811201 99
8112300 4
8112301 90
81100 1
81101 99
811300 1
811301 87
81200 1
81201 96
812300 1
812301 99
81300 8
81301 91
813300 6
813301 91
81400 4
81401 62
814300 6
814301 54
81500 10
81501 61
815300 1
815301 52
81600 15
81601 45
816300 5
816301 58
81700 28
81701 31
817300 28
817301 25
81800 45
81801 26
818300 76
818301 11
81900 78
81901 2
819300 78
819301 6
811000 98
811001 8
8110300 88
8110301 2
811100 99
811101 4
8111300 89
8111301 11
821200 4
821201 92
8212300 4
8212301 99
82100 5
82101 99
821300 3
821301 99
82200 1
82201 99
822300 7
822301 94
82300 1
82301 92
823300 1
823301 93
82400 1
82401 69
824300 10
824301 60
82500 10
82501 53
825300 1
825301 60
82600 11
82601 45
826300 11
826301 52
82700 22
82701 34
827300 22
827301 23
82800 34
82801 31
828300 61
828301 10
82900 82
82901 7
829300 66
829301 9
821000 86
821001 14
8210300 86
8210301 1
821100 97
821101 6
8211300 99
8211301 1
831200 1
831201 93
8312300 10
8312301 99
83100 3
83101 91
831300 7
831301 91
83200 2
83201 90
832300 1
832301 88
83300 1
83301 79
833300 8
833301 77
83400 1
83401 77
834300 1
834301 53
83500 9
83501 52
835300 7
835301 55
83600 5
83601 45
836300 6
836301 41
83700 29
83701 31
837300 23
837301 23
83800 45
83801 23
838300 65
838301 17
83900 74
83901 13
839300 71
839301 2
831000 98
831001 15
8310300 99
8310301 11
831100 96
831101 1
8311300 99
8311301 12
841200 1
841201 99
8412300 1
8412301 96
84100 2
84101 99
841300 8
841301 88
84200 1
84201 94
842300 1
842301 81
84300 1
84301 86
843300 8
843301 88
84400 4
84401 71
844300 3
844301 66
84500 1
84501 62
845300 2
845301 46
84600 13
84601 58
846300 14
846301 57
84700 33
84701 33
847300 29
847301 40
84800 38
84801 35
848300 65
848301 11
84900 74
84901 13
849300 82
849301 16
841000 91
841001 13
8410300 97
8410301 1
841100 97
841101 13
8411300 97
8411301 1
851200 1
851201 89
8512300 3
8512301 99
85100 1
85101 89
851300 9
851301 97
85200 1
85201 97
852300 10
852301 90
85300 9
85301 84
853300 7
853301 77
85400 5
85401 76
854300 1
854301 59
85500 1
85501 66
855300 10
855301 59
85600 8
85601 47
856300 2
856301 52
85700 20
85701 45
857300 33
857301 40
85800 47
85801 18
858300 60
858301 9
85900 64
85901 14
859300 75
859301 7
851000 89
851001 13
8510300 99
8510301 11
851100 99
851101 2
8511300 99
8511301 8
861200 1
861201 99
8612300 2
8612301 89
86100 1
86101 99
861300 10
861301 99
86200 5
86201 85
862300 1
862301 84
86300 3
86301 79
863300 3
863301 78
86400 6
86401 70
864300 1
864301 66
86500 13
86501 59
865300 8
865301 56
86600 15
86601 46
866300 6
866301 54
86700 30
86701 42
867300 24
867301 39
86800 31
86801 20
868300 71
868301 18
86900 82
86901 6
869300 73
869301 7
861000 85
861001 12
8610300 99
8610301 7
861100 90
861101 1
8611300 90
8611301 4
871200 1
871201 99
8712300 2
8712301 99
87100 1
87101 99
871300 5
871301 92
87200 3
87201 98
872300 6
872301 91
87300 1
87301 80
873300 2
873301 77
87400 2
87401 72
874300 1
874301 65
87500 11
87501 58
875300 9
875301 57
87600 4
87601 48
876300 5
876301 58
87700 33
87701 31
877300 23
877301 34
87800 44
87801 29
878300 67
878301 5
87900 80
87901 9
879300 78
879301 13
871000 83
871001 1
8710300 99
8710301 12
871100 99
871101 3
8711300 99
8711301 1
911200 1
911201 99
9112300 1
9112301 99
91100 3
91101 99
911300 6
911301 94
91200 6
91201 98
912300 10
912301 98
91300 2
91301 89
913300 1
913301 88
91400 4
91401 65
914300 2
914301 68
91500 3
91501 60
915300 2
915301 62
91600 12
91601 46
916300 20
916301 49
91700 18
91701 34
917300 25
917301 30
91800 32
91801 22
918300 73
918301 15
91900 77
91901 6
919300 74
919301 3
911000 96
911001 7
9110300 88
9110301 12
911100 99
911101 1
9111300 99
9111301 3
921200 1
921201 99
9212300 9
9212301 94
92100 3
92101 99
921300 1
921301 87
92200 7
92201 91
922300 1
922301 84
92300 1
92301 86
923300 1
923301 76
92400 1
92401 67
924300 1
924301 58
92500 2
92501 67
925300 15
925301 54
92600 1
92601 42
926300 17
926301 57
92700 35
92701 48
927300 31
927301 40
92800 45
92801 33
928300 58
928301 12
92900 82
92901 3
929300 83
929301 1
921000 90
921001 9
9210300 97
9210301 1
921100 97
921101 1
9211300 96
9211301 1
931200 1
931201 94
9312300 7
9312301 94
93100 9
93101 93
931300 10
931301 88
93200 1
93201 99
932300 6
932301 91
93300 1
93301 90
933300 1
933301 76
93400 1
93401 68
934300 7
934301 71
93500 11
93501 68
935300 10
935301 62
93600 16
93601 52
936300 4
936301 51
93700 27
93701 46
937300 31
937301 28
93800 30
93801 20
938300 66
938301 7
93900 68
93901 3
939300 73
939301 7
931000 98
931001 13
9310300 98
9310301 1
931100 99
931101 10
9311300 99
9311301 7
941200 1
941201 99
9412300 1
9412301 99
94100 1
94101 97
941300 1
941301 99
94200 8
94201 89
942300 1
942301 81
94300 1
94301 77
943300 9
943301 79
94400 2
94401 76
944300 10
944301 56
94500 1
94501 58
945300 1
945301 57
94600 12
94601 48
946300 8
946301 43
94700 35
94701 45
947300 25
947301 37
94800 33
94801 36
948300 63
948301 11
94900 73
94901 18
949300 71
949301 2
941000 91
941001 5
9410300 99
9410301 9
941100 99
941101 5
9411300 96
9411301 12
951200 8
951201 91
9512300 1
9512301 99
95100 6
95101 99
951300 1
951301 98
95200 1
95201 91
952300 2
952301 86
95300 5
95301 79
953300 1
953301 77
95400 5
95401 65
954300 1
954301 59
95500 16
95501 55
955300 1
955301 56
95600 7
95601 49
956300 3
956301 49
95700 19
95701 37
957300 32
957301 37
95800 44
95801 35
958300 62
958301 12
95900 72
95901 10
959300 78
959301 11
951000 97
951001 1
9510300 99
9510301 13
951100 92
951101 11
9511300 95
9511301 2
961200 1
961201 99
9612300 1
9612301 99
96100 1
96101 93
961300 9
961301 91
96200 1
96201 92
962300 7
962301 99
96300 1
96301 85
963300 4
963301 79
96400 8
96401 80
964300 7
964301 71
96500 5
96501 67
965300 18
965301 51
96600 16
96601 41
966300 19
966301 55
96700 26
96701 32
967300 27
967301 29
96800 46
96801 31
968300 61
968301 10
96900 80
96901 12
969300 67
969301 4
961000 97
961001 6
9610300 99
9610301 3
961100 99
961101 2
9611300 99
9611301 2
971200 1
971201 97
9712300 1
9712301 99
97100 1
97101 92
971300 7
971301 88
97200 1
97201 90
972300 4
972301 86
97300 1
97301 83
973300 10
973301 87
97400 1
97401 79
974300 1
974301 61
97500 12
97501 64
975300 2
975301 58
97600 1
97601 57
976300 18
976301 53
97700 24
97701 31
977300 20
977301 41
97800 35
97801 20
978300 64
978301 14
97900 68
97901 6
979300 77
979301 4
971000 94
971001 8
9710300 99
9710301 1
971100 99
971101 1
9711300 94
9711301 5
1011200 1
1011201 93
10112300 9
10112301 99
101100 2
101101 98
1011300 3
1011301 97
101200 2
101201 87
1012300 1
1012301 93
101300 1
101301 78
1013300 1
1013301 82
101400 1
101401 65
1014300 10
1014301 65
101500 11
101501 65
1015300 3
1015301 58
101600 1
101601 48
1016300 9
1016301 52
101700 33
101701 41
1017300 18
1017301 27
101800 34
101801 23
1018300 73
1018301 22
101900 80
101901 7
1019300 84
1019301 1
1011000 89
1011001 2
10110300 92
10110301 2
1011100 94
1011101 3
10111300 96
10111301 2
1021200 5
1021201 99
10212300 4
10212301 99
102100 7
102101 96
1021300 1
1021301 99
102200 1
102201 99
1022300 3
1022301 95
102300 1
102301 85
1023300 9
1023301 91
102400 7
102401 63
1024300 1
1024301 72
102500 1
102501 50
1025300 18
1025301 48
102600 15
102601 60
1026300 16
1026301 55
102700 35
102701 47
1027300 25
1027301 34
102800 38
102801 36
1028300 73
1028301 8
102900 66
102901 18
1029300 71
1029301 14
1021000 94
1021001 10
10210300 95
10210301 1
1021100 99
1021101 2
10211300 99
10211301 6
1031200 1
1031201 94
10312300 1
10312301 98
103100 7
103101 89
1031300 10
1031301 91
103200 2
103201 95
1032300 1
1032301 92
103300 1
103301 91
1033300 10
1033301 77
103400 2
103401 79
1034300 1
1034301 53
103500 16
103501 64
1035300 17
1035301 49
103600 9
103601 48
1036300 4
1036301 56
103700 16
103701 45
1037300 35
1037301 42
103800 41
103801 27
1038300 74
1038301 17
103900 72
103901 11
1039300 85
1039301 16
1031000 94
1031001 14
10310300 99
10310301 2
1031100 99
1031101 1
10311300 90
10311301 3
1041200 1
1041201 99
10412300 1
10412301 97
104100 1
104101 99
1041300 1
1041301 97
104200 1
104201 91
1042300 1
1042301 99
104300 1
104301 83
1043300 3
1043301 86
104400 9
104401 62
1044300 1
1044301 57
104500 3
104501 59
1045300 8
1045301 59
104600 2
104601 41
1046300 14
1046301 44
104700 25
104701 48
1047300 31
1047301 24
104800 29
104801 26
1048300 66
1048301 21
104900 71
104901 6
1049300 82
1049301 8
1041000 98
1041001 12
10410300 96
10410301 1
1041100 99
1041101 1
10411300 99
10411301 4
1051200 8
1051201 99
10512300 8
10512301 99
105100 2
105101 90
1051300 5
1051301 97
105200 1
105201 86
1052300 1
1052301 81
105300 1
105301 95
1053300 2
1053301 81
105400 5
105401 68
1054300 7
1054301 55
105500 3
105501 64
1055300 12
1055301 44
105600 6
105601 48
1056300 11
1056301 43
105700 18
105701 47
1057300 25
1057301 31
105800 29
105801 31
1058300 73
1058301 3
105900 66
105901 1
1059300 72
1059301 10
1051000 97
1051001 8
10510300 91
10510301 1
1051100 99
1051101 12
10511300 90
10511301 1
1061200 6
1061201 93
10612300 1
10612301 99
106100 1
106101 98
1061300 1
1061301 94
106200 1
106201 92
1062300 3
1062301 97
106300 1
106301 88
1063300 3
1063301 88
106400 1
106401 75
1064300 8
1064301 53
106500 1
106501 65
1065300 11
1065301 53
106600 11
106601 44
1066300 3
1066301 47
106700 24
106701 36
1067300 23
1067301 35
106800 33
106801 20
1068300 60
1068301 14
106900 71
106901 6
1069300 85
1069301 3
1061000 92
1061001 7
10610300 87
10610301 14
1061100 98
1061101 13
10611300 99
10611301 12
1071200 1
1071201 99
10712300 1
10712301 91
107100 3
107101 94
1071300 9
1071301 98
107200 10
107201 94
1072300 2
1072301 84
107300 6
107301 77
1073300 1
1073301 82
107400 1
107401 70
1074300 1
1074301 70
107500 16
107501 60
1075300 4
1075301 62
107600 6
107601 53
1076300 2
1076301 55
107700 22
107701 47
1077300 31
1077301 27
107800 41
107801 34
1078300 72
1078301 7
107900 68
107901 10
1079300 78
1079301 15
1071000 85
1071001 11
10710300 99
10710301 1
1071100 93
1071101 1
10711300 92
10711301 1
1111200 10
1111201 99
11112300 1
11112301 99
111100 1
111101 89
1111300 1
1111301 99
111200 8
111201 94
1112300 1
1112301 94
111300 6
111301 93
1113300 10
1113301 83
111400 4
111401 78
1114300 9
1114301 63
111500 16
111501 58
1115300 11
1115301 51
111600 15
111601 58
1116300 16
1116301 52
111700 35
111701 36
1117300 18
1117301 41
111800 45
111801 22
1118300 76
1118301 4
111900 65
111901 7
1119300 78
1119301 1
1111000 88
1111001 8
11110300 99
11110301 11
1111100 99
1111101 3
11111300 98
11111301 11
1121200 1
1121201 99
11212300 1
11212301 96
112100 1
112101 87
1121300 1
1121301 86
112200 2
112201 97
1122300 3
1122301 98
112300 1
112301 85
1123300 2
1123301 77
112400 1
112401 64
1124300 4
1124301 68
112500 12
112501 67
1125300 2
1125301 54
112600 1
112601 41
1126300 12
1126301 45
112700 31
112701 34
1127300 17
1127301 31
112800 38
112801 36
1128300 61
1128301 20
112900 71
112901 12
1129300 67
1129301 1
1121000 96
1121001 1
11210300 96
11210301 9
1121100 99
1121101 9
11211300 97
11211301 8
1131200 1
1131201 99
11312300 1
11312301 99
113100 2
113101 95
1131300 1
1131301 92
113200 1
113201 90
1132300 6
1132301 91
113300 1
113301 85
1133300 8
1133301 90
113400 1
113401 76
1134300 11
1134301 72
113500 10
113501 51
1135300 13
1135301 51
113600 15
113601 55
1136300 13
1136301 41
113700 22
113701 47
1137300 23
1137301 37
113800 40
113801 29
1138300 72
1138301 18
113900 79
113901 4
1139300 73
1139301 5
1131000 87
1131001 1
11310300 86
11310301 10
1131100 99
1131101 1
11311300 99
11311301 6
1141200 3
1141201 90
11412300 4
11412301 91
114100 1
114101 94
1141300 1
1141301 94
114200 1
114201 90
1142300 1
1142301 96
114300 1
114301 96
1143300 2
1143301 81
114400 3
114401 64
1144300 3
1144301 72
114500 11
114501 65
1145300 17
1145301 55
114600 6
114601 58
1146300 9
1146301 40
114700 26
114701 42
1147300 27
1147301 31
114800 48
114801 19
1148300 70
1148301 16
114900 68
114901 2
1149300 72
1149301 9
1141000 89
1141001 4
11410300 88
11410301 5
1141100 96
1141101 1
11411300 99
11411301 7
1151200 7
1151201 97
11512300 1
11512301 99
115100 1
115101 99
1151300 1
1151301 97
115200 5
115201 84
1152300 1
1152301 91
115300 1
115301 83
1153300 1
1153301 85
115400 1
115401 72
1154300 4
1154301 59
115500 9
115501 56
1155300 9
1155301 49
115600 7
115601 57
1156300 21
1156301 42
115700 27
115701 45
1157300 36
1157301 37
115800 36
115801 34
1158300 59
1158301 21
115900 69
115901 8
1159300 66
1159301 12
1151000 86
1151001 2
11510300 99
11510301 1
1151100 99
1151101 1
11511300 99
11511301 10
1161200 1
1161201 97
11612300 1
11612301 99
116100 4
116101 99
1161300 1
1161301 89
116200 8
116201 99
1162300 10
1162301 99
116300 4
116301 95
1163300 1
1163301 77
116400 6
116401 70
1164300 11
1164301 59
116500 11
116501 51
1165300 1
1165301 49
116600 17
116601 43
1166300 3
1166301 58
116700 34
116701 36
1167300 33
1167301 40
116800 30
116801 27
1168300 74
1168301 15
116900 66
116901 17
1169300 69
1169301 1
1161000 88
1161001 15
11610300 87
11610301 6
1161100 94
1161101 1
11611300 99
11611301 1
1171200 1
1171201 89
11712300 1
11712301 91
117100 10
117101 91
1171300 2
1171301 91
117200 1
117201 99
1172300 8
1172301 91
117300 9
117301 96
1173300 7
1173301 87
117400 1
117401 69
1174300 10
1174301 58
117500 17
117501 62
1175300 6
1175301 59
117600 11
117601 41
1176300 21
1176301 40
117700 28
117701 37
1177300 17
1177301 25
117800 29
117801 21
1178300 63
1178301 11
117900 76
117901 11
1179300 75
1179301 17
1171000 99
1171001 2
11710300 90
11710301 1
1171100 99
1171101 8
11711300 99
11711301 5
