011200 1
011201 99
0112300 1
0112301 99
01100 1
01101 99
011300 7
011301 99
01200 9
01201 98
012300 1
012301 97
01300 6
01301 88
013300 8
013301 77
01400 1
01401 76
014300 1
014301 63
01500 1
01501 61
015300 7
015301 53
01600 17
01601 49
016300 4
016301 43
01700 29
01701 32
017300 35
017301 32
01800 33
01801 20
018300 71
018301 5
01900 80
01901 10
019300 78
019301 4
011000 94
011001 12
0110300 90
0110301 1
011100 91
011101 8
0111300 99
0111301 4
021200 4
021201 99
0212300 7
0212301 90
02100 1
02101 99
021300 1
021301 99
02200 1
02201 84
022300 1
022301 97
02300 1
02301 86
023300 1
023301 93
02400 7
02401 64
024300 3
024301 62
02500 5
02501 68
025300 1
025301 49
02600 3
02601 58
026300 9
026301 56
02700 28
02701 37
027300 28
027301 41
02800 43
02801 35
028300 71
028301 22
02900 73
02901 19
029300 70
029301 1
021000 87
021001 1
0210300 87
0210301 13
021100 99
021101 1
0211300 89
0211301 1
031200 10
031201 99
0312300 1
0312301 99
03100 7
03101 95
031300 1
031301 95
03200 1
03201 99
032300 1
032301 86
03300 1
03301 80
033300 1
033301 87
03400 1
03401 73
034300 8
034301 56
03500 1
03501 57
035300 3
035301 45
03600 3
03601 54
036300 8
036301 46
03700 35
03701 31
037300 32
037301 41
03800 35
03801 26
038300 75
038301 4
03900 73
03901 17
039300 79
039301 1
031000 92
031001 10
0310300 99
0310301 4
031100 99
031101 1
0311300 99
0311301 2
041200 1
041201 99
0412300 1
0412301 97
04100 1
04101 88
041300 2
041301 94
04200 1
04201 87
042300 1
042301 88
04300 1
04301 90
043300 2
043301 81
04400 1
04401 65
044300 8
044301 71
04500 1
04501 61
045300 17
045301 45
04600 16
04601 48
046300 11
046301 45
04700 33
04701 43
047300 33
047301 25
04800 44
04801 32
048300 65
048301 8
04900 77
04901 13
049300 82
049301 5
041000 99
041001 8
0410300 89
0410301 3
041100 94
041101 7
0411300 99
0411301 4
051200 6
051201 89
0512300 1
0512301 99
05100 1
05101 90
051300 1
051301 99
05200 1
05201 91
052300 1
052301 83
05300 10
05301 88
053300 2
053301 88
05400 1
05401 70
054300 3
054301 54
05500 10
05501 58
055300 4
055301 45
05600 6
05601 54
056300 21
056301 53
05700 22
05701 45
057300 31
057301 31
05800 29
05801 29
058300 64
058301 14
05900 63
05901 1
059300 70
059301 1
051000 85
051001 1
0510300 86
0510301 10
051100 93
051101 7
0511300 90
0511301 1
061200 7
061201 89
0612300 1
0612301 99
06100 8
06101 99
061300 3
061301 87
06200 1
06201 92
062300 4
062301 85
06300 5
06301 86
063300 1
063301 90
06400 10
06401 72
064300 6
064301 55
06500 3
06501 57
065300 12
065301 53
06600 1
06601 47
066300 16
066301 39
06700 28
06701 48
067300 27
067301 27
06800 48
06801 33
068300 72
068301 20
06900 70
06901 17
069300 68
069301 8
061000 96
061001 1
0610300 99
0610301 1
061100 99
061101 1
0611300 91
0611301 1
071200 1
071201 99
0712300 1
0712301 99
07100 1
07101 93
071300 10
071301 94
07200 1
07201 92
072300 1
072301 99
07300 1
07301 85
073300 8
073301 86
07400 3
07401 79
074300 1
074301 60
07500 11
07501 69
075300 3
075301 46
07600 6
07601 41
076300 9
076301 42
07700 28
07701 48
077300 18
077301 40
07800 32
07801 30
078300 62
078301 8
07900 65
07901 11
079300 74
079301 17
071000 90
071001 12
0710300 93
0710301 7
071100 95
071101 1
0711300 92
0711301 1
111200 1
111201 99
1112300 1
1112301 91
11100 2
11101 96
111300 1
111301 99
11200 2
11201 99
112300 8
112301 89
11300 4
11301 78
113300 4
113301 76
11400 1
11401 79
114300 3
114301 53
11500 15
11501 68
115300 16
115301 47
11600 11
11601 46
116300 12
116301 53
11700 16
11701 44
117300 34
117301 32
11800 42
11801 31
118300 58
118301 4
11900 77
11901 18
119300 82
119301 1
111000 95
111001 1
1110300 99
1110301 8
111100 95
111101 1
1111300 99
1111301 8
121200 9
121201 99
1212300 1
1212301 99
12100 1
12101 98
121300 4
121301 96
12200 1
12201 99
122300 1
122301 99
12300 1
12301 90
123300 3
123301 81
12400 3
12401 71
124300 2
124301 68
12500 15
12501 58
125300 12
125301 57
12600 10
12601 53
126300 20
126301 53
12700 30
12701 40
127300 25
127301 28
12800 35
12801 34
128300 61
128301 3
12900 65
12901 10
129300 76
129301 5
121000 95
121001 1
1210300 89
1210301 1
121100 89
121101 11
1211300 92
1211301 1
131200 1
131201 99
1312300 3
1312301 98
13100 1
13101 99
131300 1
131301 99
13200 1
13201 99
132300 3
132301 84
13300 1
13301 81
133300 9
133301 93
13400 4
13401 81
134300 1
134301 71
13500 12
13501 57
135300 5
135301 46
13600 15
13601 43
136300 7
136301 56
13700 35
13701 48
137300 28
137301 33
13800 38
13801 30
138300 67
138301 14
13900 74
13901 7
139300 80
139301 13
131000 82
131001 1
1310300 96
1310301 1
131100 99
131101 1
1311300 89
1311301 1
141200 1
141201 90
1412300 1
1412301 99
14100 1
14101 88
141300 4
141301 91
14200 1
14201 99
142300 1
142301 87
14300 1
14301 87
143300 5
143301 87
14400 1
14401 76
144300 1
144301 57
14500 1
14501 68
145300 1
145301 59
14600 3
14601 45
146300 13
146301 40
14700 17
14701 34
147300 29
147301 33
14800 40
14801 24
148300 71
148301 8
14900 72
14901 5
149300 76
149301 4
141000 81
141001 1
1410300 90
1410301 13
141100 99
141101 1
1411300 99
1411301 7
151200 3
151201 99
1512300 8
1512301 97
15100 1
15101 97
151300 1
151301 89
15200 9
15201 84
152300 1
152301 87
15300 1
15301 87
153300 2
153301 78
15400 1
15401 75
154300 1
154301 68
15500 1
15501 66
155300 17
155301 48
15600 11
15601 56
156300 8
156301 44
15700 33
15701 36
157300 22
157301 33
15800 48
15801 23
158300 62
158301 21
15900 64
15901 17
159300 67
159301 11
151000 81
151001 10
1510300 99
1510301 3
151100 97
151101 10
1511300 99
1511301 10
161200 10
161201 89
1612300 1
1612301 90
16100 1
16101 91
161300 5
161301 99
16200 1
16201 87
162300 1
162301 93
16300 10
16301 79
163300 1
163301 79
16400 2
16401 79
164300 1
164301 66
16500 1
16501 68
165300 8
165301 63
16600 16
16601 49
166300 15
166301 52
16700 22
16701 34
167300 20
167301 29
16800 36
16801 30
168300 61
168301 21
16900 73
16901 1
169300 77
169301 16
161000 87
161001 10
1610300 95
1610301 1
161100 89
161101 4
1611300 99
1611301 1
171200 1
171201 93
1712300 1
1712301 99
17100 3
17101 99
171300 1
171301 94
17200 1
17201 85
172300 1
172301 89
17300 1
17301 94
173300 1
173301 75
17400 1
17401 78
174300 1
174301 55
17500 15
17501 59
175300 16
175301 51
17600 16
17601 46
176300 18
176301 42
17700 30
17701 44
177300 23
177301 29
17800 37
17801 17
178300 60
178301 10
17900 70
17901 16
179300 78
179301 4
171000 90
171001 10
1710300 86
1710301 6
171100 98
171101 1
1711300 92
1711301 6
211200 4
211201 99
2112300 2
2112301 89
21100 1
21101 96
211300 9
211301 96
21200 1
21201 98
212300 1
212301 84
21300 1
21301 96
213300 7
213301 84
21400 2
21401 69
214300 1
214301 58
21500 16
21501 69
215300 5
215301 56
21600 1
21601 47
216300 7
216301 47
21700 24
21701 40
217300 24
217301 26
21800 46
21801 36
218300 71
218301 22
21900 66
21901 1
219300 67
219301 14
211000 96
211001 11
2110300 87
2110301 1
211100 99
211101 1
2111300 99
2111301 3
221200 1
221201 96
2212300 1
2212301 99
22100 1
22101 99
221300 5
221301 92
22200 10
22201 99
222300 2
222301 86
22300 1
22301 85
223300 10
223301 76
22400 4
22401 81
224300 1
224301 53
22500 15
22501 57
225300 1
225301 50
22600 1
22601 41
226300 12
226301 43
22700 34
22701 37
227300 21
227301 27
22800 48
22801 23
228300 74
228301 20
22900 78
22901 6
229300 84
229301 4
221000 98
221001 4
2210300 90
2210301 3
221100 99
221101 12
2211300 91
2211301 1
231200 3
231201 96
2312300 6
2312301 99
23100 4
23101 99
231300 8
231301 99
23200 1
23201 99
232300 4
232301 93
23300 3
23301 80
233300 7
233301 92
23400 1
23401 78
234300 1
234301 65
23500 17
23501 60
235300 6
235301 57
23600 15
23601 55
236300 2
236301 58
23700 32
23701 41
237300 24
237301 28
23800 32
23801 33
238300 72
238301 6
23900 66
23901 3
239300 75
239301 1
231000 89
231001 7
2310300 99
2310301 14
231100 97
231101 1
2311300 99
2311301 1
241200 1
241201 99
2412300 5
2412301 99
24100 2
24101 96
241300 6
241301 99
24200 10
24201 99
242300 1
242301 96
24300 1
24301 88
243300 3
243301 81
24400 6
24401 76
244300 10
244301 70
24500 10
24501 56
245300 10
245301 58
24600 18
24601 51
246300 7
246301 44
24700 33
24701 33
247300 19
247301 37
24800 40
24801 28
248300 73
248301 22
24900 81
24901 5
249300 84
249301 17
241000 88
241001 2
2410300 99
2410301 7
241100 96
241101 1
2411300 98
2411301 2
251200 5
251201 99
2512300 1
2512301 96
25100 1
25101 99
251300 1
251301 97
25200 1
25201 88
252300 2
252301 94
25300 1
25301 87
253300 1
253301 93
25400 1
25401 62
254300 1
254301 60
25500 1
25501 52
255300 16
255301 61
25600 11
25601 52
256300 20
256301 42
25700 16
25701 50
257300 17
257301 28
25800 34
25801 27
258300 67
258301 14
25900 65
25901 8
259300 82
259301 12
251000 89
251001 12
2510300 94
2510301 7
251100 99
251101 8
2511300 89
2511301 1
261200 8
261201 94
2612300 1
2612301 99
26100 3
26101 97
261300 1
261301 98
26200 1
26201 85
262300 1
262301 88
26300 2
26301 89
263300 1
263301 90
26400 1
26401 62
264300 1
264301 55
26500 8
26501 68
265300 2
265301 55
26600 6
26601 49
266300 17
266301 39
26700 32
26701 37
267300 20
267301 37
26800 38
26801 34
268300 69
268301 19
26900 72
26901 6
269300 81
269301 8
261000 99
261001 2
2610300 93
2610301 14
261100 94
261101 3
2611300 98
2611301 1
271200 4
271201 99
2712300 4
2712301 98
27100 6
27101 99
271300 2
271301 91
27200 1
27201 94
272300 5
272301 99
27300 1
27301 93
273300 8
273301 86
27400 4
27401 74
274300 1
274301 72
27500 1
27501 55
275300 10
275301 54
27600 1
27601 46
276300 7
276301 45
27700 23
27701 37
277300 30
277301 29
27800 35
27801 21
278300 74
278301 11
27900 74
27901 13
279300 70
279301 1
271000 85
271001 7
2710300 88
2710301 2
271100 99
271101 1
2711300 96
2711301 9
311200 6
311201 99
3112300 5
3112301 99
31100 1
31101 99
311300 1
311301 91
31200 2
31201 89
312300 3
312301 93
31300 1
31301 79
313300 5
313301 93
31400 6
31401 80
314300 10
314301 68
31500 17
31501 69
315300 12
315301 60
31600 6
31601 55
316300 5
316301 48
31700 31
31701 35
317300 19
317301 34
31800 47
31801 34
318300 58
318301 19
31900 75
31901 14
319300 69
319301 12
311000 98
311001 9
3110300 99
3110301 3
311100 90
311101 1
3111300 99
3111301 5
321200 1
321201 91
3212300 1
3212301 99
32100 1
32101 99
321300 6
321301 86
32200 1
32201 96
322300 10
322301 92
32300 8
32301 81
323300 6
323301 74
32400 1
32401 62
324300 10
324301 66
32500 3
32501 55
325300 2
325301 53
32600 7
32601 55
326300 8
326301 53
32700 27
32701 37
327300 31
327301 32
32800 36
32801 35
328300 70
328301 7
32900 80
32901 5
329300 79
329301 7
321000 97
321001 2
3210300 94
3210301 1
321100 99
321101 3
3211300 99
3211301 1
331200 10
331201 99
3312300 4
3312301 99
33100 1
33101 89
331300 1
331301 93
33200 1
33201 98
332300 1
332301 81
33300 10
33301 96
333300 2
333301 89
33400 4
33401 79
334300 10
334301 61
33500 9
33501 60
335300 4
335301 62
33600 4
33601 54
336300 15
336301 49
33700 23
33701 46
337300 30
337301 27
33800 44
33801 31
338300 76
338301 6
33900 78
33901 13
339300 66
339301 7
331000 87
331001 8
3310300 88
3310301 1
331100 90
331101 1
3311300 95
3311301 10
341200 4
341201 99
3412300 4
3412301 90
34100 8
34101 99
341300 2
341301 99
34200 1
34201 96
342300 2
342301 81
34300 9
34301 94
343300 8
343301 76
34400 1
34401 62
344300 1
344301 69
34500 10
34501 51
345300 17
345301 54
34600 3
34601 58
346300 18
346301 50
34700 23
34701 38
347300 33
347301 37
34800 43
34801 29
348300 73
348301 4
34900 64
34901 11
349300 77
349301 6
341000 94
341001 3
3410300 95
3410301 3
341100 99
341101 3
3411300 99
3411301 1
351200 1
351201 99
3512300 1
3512301 99
35100 1
35101 88
351300 1
351301 93
35200 3
35201 99
352300 9
352301 85
35300 1
35301 92
353300 1
353301 86
35400 7
35401 74
354300 10
354301 62
35500 1
35501 64
355300 8
355301 61
35600 3
35601 50
356300 6
356301 55
35700 17
35701 48
357300 26
357301 41
35800 36
35801 33
358300 59
358301 9
35900 65
35901 5
359300 79
359301 8
351000 92
351001 1
3510300 99
3510301 12
351100 91
351101 11
3511300 97
3511301 1
361200 1
361201 99
3612300 1
3612301 90
36100 1
36101 97
361300 9
361301 91
36200 9
36201 99
362300 1
362301 92
36300 7
36301 77
363300 5
363301 75
36400 4
36401 76
364300 7
364301 62
36500 5
36501 59
365300 4
365301 60
36600 18
36601 49
366300 18
366301 53
36700 26
36701 42
367300 23
367301 34
36800 35
36801 29
368300 60
368301 7
36900 82
36901 13
369300 68
369301 3
361000 89
361001 16
3610300 96
3610301 9
361100 99
361101 2
3611300 91
3611301 10
371200 1
371201 99
3712300 5
3712301 99
37100 1
37101 99
371300 1
371301 89
37200 10
37201 89
372300 1
372301 91
37300 1
37301 91
373300 8
373301 75
37400 1
37401 63
374300 1
374301 64
37500 6
37501 62
375300 6
375301 46
37600 18
37601 50
376300 18
376301 46
37700 27
37701 42
377300 23
377301 34
37800 34
37801 36
378300 60
378301 13
37900 64
37901 5
379300 76
379301 6
371000 92
371001 15
3710300 89
3710301 4
371100 99
371101 3
3711300 99
3711301 1
411200 9
411201 89
4112300 1
4112301 99
41100 1
41101 99
411300 4
411301 90
41200 1
41201 84
412300 9
412301 81
41300 2
41301 90
413300 9
413301 77
41400 1
41401 64
414300 3
414301 70
41500 5
41501 62
415300 5
415301 52
41600 1
41601 50
416300 4
416301 41
41700 23
41701 43
417300 34
417301 25
41800 44
41801 24
418300 71
418301 20
41900 75
41901 6
419300 74
419301 1
411000 83
411001 12
4110300 99
4110301 7
411100 95
411101 10
4111300 99
4111301 7
421200 1
421201 89
4212300 2
4212301 98
42100 1
42101 88
421300 10
421301 86
42200 1
42201 94
422300 1
422301 88
42300 1
42301 80
423300 6
423301 81
42400 2
42401 77
424300 1
424301 71
42500 7
42501 68
425300 15
425301 57
42600 1
42601 42
426300 21
426301 51
42700 29
42701 34
427300 28
427301 23
42800 42
42801 36
428300 70
428301 18
42900 68
42901 19
429300 74
429301 8
421000 95
421001 11
4210300 96
4210301 1
421100 99
421101 12
4211300 98
4211301 5
431200 1
431201 99
4312300 1
4312301 99
43100 1
43101 90
431300 1
431301 99
43200 10
43201 91
432300 1
432301 94
43300 1
43301 82
433300 6
433301 92
43400 1
43401 63
434300 1
434301 55
43500 14
43501 68
435300 1
435301 63
43600 7
43601 58
436300 18
436301 51
43700 17
43701 34
437300 21
437301 33
43800 36
43801 31
438300 75
438301 7
43900 73
43901 11
439300 82
439301 12
431000 94
431001 10
4310300 99
4310301 14
431100 99
431101 6
4311300 91
4311301 5
441200 8
441201 99
4412300 9
4412301 99
44100 2
44101 98
441300 5
441301 92
44200 1
44201 85
442300 10
442301 88
44300 8
44301 81
443300 3
443301 91
44400 4
44401 64
444300 1
444301 60
44500 15
44501 68
445300 1
445301 47
44600 1
44601 51
446300 12
446301 44
44700 22
44701 34
447300 23
447301 34
44800 30
44801 25
448300 76
448301 11
44900 81
44901 7
449300 85
449301 16
441000 91
441001 1
4410300 90
4410301 1
441100 94
441101 2
4411300 99
4411301 3
451200 1
451201 99
4512300 6
4512301 99
45100 1
45101 93
451300 1
451301 92
45200 2
45201 84
452300 3
452301 94
45300 1
45301 92
453300 1
453301 77
45400 8
45401 63
454300 5
454301 68
45500 13
45501 63
455300 14
455301 49
45600 10
45601 45
456300 13
456301 50
45700 34
45701 40
457300 32
457301 36
45800 39
45801 17
458300 65
458301 18
45900 82
45901 3
459300 75
459301 1
451000 99
451001 4
4510300 96
4510301 1
451100 99
451101 9
4511300 99
4511301 12
461200 2
461201 89
4612300 1
4612301 99
46100 8
46101 99
461300 1
461301 86
46200 1
46201 93
462300 1
462301 95
46300 4
46301 95
463300 1
463301 80
46400 9
46401 80
464300 1
464301 63
46500 8
46501 69
465300 17
465301 44
46600 11
46601 52
466300 21
466301 48
46700 16
46701 42
467300 28
467301 34
46800 47
46801 31
468300 63
468301 10
46900 69
46901 5
469300 83
469301 1
461000 87
461001 8
4610300 97
4610301 1
461100 92
461101 6
4611300 97
4611301 1
471200 7
471201 99
4712300 1
4712301 98
47100 1
47101 94
471300 1
471301 89
47200 1
47201 87
472300 1
472301 94
47300 1
47301 92
473300 6
473301 89
47400 10
47401 71
474300 1
474301 66
47500 1
47501 51
475300 1
475301 45
47600 1
47601 55
476300 19
476301 48
47700 31
47701 31
477300 27
477301 38
47800 40
47801 32
478300 66
478301 5
47900 65
47901 9
479300 74
479301 16
471000 98
471001 3
4710300 99
4710301 8
471100 99
471101 3
4711300 97
4711301 1
511200 1
511201 93
5112300 6
5112301 92
51100 7
51101 89
511300 1
511301 99
51200 1
51201 95
512300 7
512301 83
51300 1
51301 93
513300 1
513301 89
51400 1
51401 80
514300 3
514301 67
51500 8
51501 63
515300 6
515301 51
51600 17
51601 45
516300 5
516301 45
51700 22
51701 31
517300 33
517301 40
51800 47
51801 26
518300 74
518301 10
51900 81
51901 14
519300 84
519301 9
511000 86
511001 11
5110300 99
5110301 6
511100 97
511101 13
5111300 89
5111301 1
521200 1
521201 99
5212300 1
5212301 92
52100 1
52101 99
521300 1
521301 92
52200 1
52201 93
522300 1
522301 85
52300 7
52301 78
523300 5
523301 81
52400 4
52401 71
524300 1
524301 62
52500 11
52501 56
525300 15
525301 45
52600 8
52601 51
526300 14
526301 51
52700 20
52701 50
527300 29
527301 27
52800 33
52801 36
528300 74
528301 21
52900 64
52901 12
529300 69
529301 1
521000 89
521001 13
5210300 99
5210301 7
521100 91
521101 13
5211300 91
5211301 1
531200 5
531201 93
5312300 10
5312301 92
53100 1
53101 89
531300 3
531301 96
53200 10
53201 91
532300 1
532301 92
53300 1
53301 80
533300 9
533301 74
53400 6
53401 80
534300 1
534301 56
53500 8
53501 61
535300 10
535301 56
53600 1
53601 57
536300 14
536301 58
53700 19
53701 35
537300 34
537301 33
53800 31
53801 33
538300 67
538301 13
53900 82
53901 8
539300 72
539301 7
531000 88
531001 3
5310300 97
5310301 1
531100 97
531101 12
5311300 94
5311301 1
541200 1
541201 99
5412300 5
5412301 99
54100 1
54101 96
541300 1
541301 90
54200 1
54201 98
542300 1
542301 97
54300 1
54301 93
543300 8
543301 83
54400 1
54401 72
544300 3
544301 68
54500 3
54501 56
545300 13
545301 63
54600 1
54601 60
546300 14
546301 53
54700 16
54701 31
547300 17
547301 37
54800 46
54801 26
548300 74
548301 12
54900 76
54901 6
549300 75
549301 1
541000 98
541001 1
5410300 93
5410301 3
541100 99
541101 8
5411300 99
5411301 1
551200 1
551201 97
5512300 9
5512301 99
55100 10
55101 98
551300 10
551301 92
55200 3
55201 93
552300 1
552301 87
55300 1
55301 96
553300 10
553301 79
55400 1
55401 66
554300 1
554301 57
55500 5
55501 67
555300 7
555301 46
55600 15
55601 49
556300 14
556301 39
55700 16
55701 33
557300 32
557301 41
55800 33
55801 32
558300 64
558301 5
55900 74
55901 2
559300 73
559301 12
551000 97
551001 1
5510300 87
5510301 5
551100 99
551101 10
5511300 96
5511301 11
561200 1
561201 93
5612300 1
5612301 95
56100 1
56101 99
561300 6
561301 87
56200 5
56201 92
562300 1
562301 92
56300 3
56301 89
563300 3
563301 86
56400 8
56401 71
564300 1
564301 62
56500 16
56501 67
565300 17
565301 58
56600 4
56601 46
566300 4
566301 42
56700 26
56701 31
567300 19
567301 36
56800 41
56801 17
568300 68
568301 13
56900 66
56901 4
569300 80
569301 1
561000 85
561001 4
5610300 86
5610301 14
561100 99
561101 4
5611300 93
5611301 6
571200 1
571201 99
5712300 1
5712301 99
57100 1
57101 99
571300 1
571301 92
57200 5
57201 99
572300 1
572301 94
57300 1
57301 94
573300 1
573301 78
57400 1
57401 64
574300 1
574301 55
57500 17
57501 55
575300 5
575301 46
57600 10
57601 48
576300 21
576301 49
57700 28
57701 48
577300 27
577301 24
57800 31
57801 25
578300 76
578301 3
57900 79
57901 18
579300 69
579301 10
571000 95
571001 14
5710300 99
5710301 9
571100 99
571101 12
5711300 99
5711301 8
611200 8
611201 96
6112300 1
6112301 92
61100 10
61101 97
611300 1
611301 99
61200 6
61201 86
612300 1
612301 85
61300 1
61301 90
613300 1
613301 91
61400 1
61401 65
614300 11
614301 56
61500 1
61501 61
615300 9
615301 47
61600 9
61601 53
616300 14
616301 53
61700 25
61701 37
617300 21
617301 32
61800 29
61801 32
618300 72
618301 20
61900 74
61901 12
619300 68
619301 17
611000 95
611001 1
6110300 90
6110301 1
611100 90
611101 10
6111300 95
6111301 7
621200 1
621201 99
6212300 5
6212301 98
62100 7
62101 99
621300 1
621301 99
62200 1
62201 84
622300 9
622301 86
62300 1
62301 87
623300 1
623301 87
62400 1
62401 72
624300 1
624301 70
62500 1
62501 62
625300 15
625301 62
62600 1
62601 41
626300 2
626301 48
62700 32
62701 35
627300 28
627301 35
62800 39
62801 19
628300 67
628301 18
62900 70
62901 18
629300 84
629301 14
621000 86
621001 1
6210300 94
6210301 1
621100 99
621101 1
6211300 93
6211301 12
631200 1
631201 99
6312300 5
6312301 99
63100 6
63101 99
631300 1
631301 99
63200 3
63201 86
632300 4
632301 88
63300 1
63301 83
633300 1
633301 93
63400 1
63401 77
634300 1
634301 70
63500 17
63501 56
635300 14
635301 48
63600 16
63601 51
636300 2
636301 47
63700 23
63701 31
637300 22
637301 35
63800 47
63801 31
638300 71
638301 19
63900 76
63901 3
639300 78
639301 17
631000 94
631001 4
6310300 94
6310301 11
631100 99
631101 3
6311300 99
6311301 1
641200 1
641201 99
6412300 1
6412301 99
64100 1
64101 99
641300 2
641301 87
64200 9
64201 88
642300 7
642301 94
64300 5
64301 83
643300 1
643301 75
64400 6
64401 71
644300 11
644301 60
64500 1
64501 56
645300 14
645301 52
64600 4
64601 56
646300 17
646301 49
64700 19
64701 48
647300 32
647301 33
64800 36
64801 35
648300 69
648301 14
64900 74
64901 1
649300 71
649301 2
641000 98
641001 1
6410300 99
6410301 1
641100 99
641101 2
6411300 99
6411301 1
651200 7
651201 90
6512300 1
6512301 99
65100 3
65101 99
651300 1
651301 97
65200 2
65201 83
652300 8
652301 88
65300 1
65301 85
653300 1
653301 75
65400 1
65401 76
654300 7
654301 70
65500 1
65501 66
655300 8
655301 46
65600 18
65601 45
656300 14
656301 39
65700 18
65701 50
657300 23
657301 34
65800 41
65801 24
658300 72
658301 11
65900 80
65901 5
659300 78
659301 12
651000 97
651001 1
6510300 99
6510301 1
651100 99
651101 1
6511300 98
6511301 1
661200 7
661201 91
6612300 1
6612301 92
66100 1
66101 96
661300 1
661301 91
66200 5
66201 96
662300 6
662301 96
66300 5
66301 95
663300 8
663301 82
66400 9
66401 72
664300 6
664301 53
66500 4
66501 63
665300 14
665301 55
66600 9
66601 56
666300 19
666301 40
66700 26
66701 36
667300 26
667301 36
66800 37
66801 22
668300 77
668301 8
66900 70
66901 8
669300 80
669301 11
661000 97
661001 11
6610300 99
6610301 13
661100 91
661101 1
6611300 93
6611301 7
671200 1
671201 99
6712300 9
6712301 92
67100 1
67101 99
671300 3
671301 99
67200 10
67201 94
672300 1
672301 88
67300 1
67301 84
673300 1
673301 89
67400 1
67401 76
674300 1
674301 61
67500 13
67501 60
675300 4
675301 55
67600 10
67601 44
676300 16
676301 42
67700 28
67701 46
677300 18
677301 30
67800 42
67801 18
678300 63
678301 4
67900 77
67901 17
679300 84
679301 17
671000 83
671001 7
6710300 99
6710301 13
671100 90
671101 9
6711300 90
6711301 1
711200 1
711201 99
7112300 1
7112301 99
71100 1
71101 99
711300 7
711301 99
71200 1
71201 97
712300 1
712301 95
71300 6
71301 91
713300 1
713301 84
71400 10
71401 79
714300 5
714301 62
71500 17
71501 59
715300 14
715301 51
71600 6
71601 53
716300 16
716301 55
71700 27
71701 41
717300 36
717301 26
71800 34
71801 19
718300 74
718301 17
71900 74
71901 14
719300 81
719301 11
711000 95
711001 1
7110300 89
7110301 1
711100 99
711101 10
7111300 99
7111301 6
721200 1
721201 99
7212300 1
7212301 99
72100 1
72101 96
721300 5
721301 95
72200 1
72201 97
722300 1
722301 92
72300 8
72301 84
723300 4
723301 77
72400 3
72401 75
724300 4
724301 71
72500 1
72501 60
725300 10
725301 54
72600 15
72601 57
726300 18
726301 42
72700 26
72701 43
727300 17
727301 28
72800 33
72801 18
728300 69
728301 14
72900 81
72901 13
729300 66
729301 5
721000 91
721001 1
7210300 88
7210301 1
721100 91
721101 1
7211300 89
7211301 11
731200 1
731201 89
7312300 1
7312301 99
73100 1
73101 99
731300 9
731301 95
73200 1
73201 95
732300 6
732301 93
73300 1
73301 82
733300 1
733301 87
73400 8
73401 70
734300 1
734301 68
73500 16
73501 57
735300 16
735301 47
73600 3
73601 43
736300 21
736301 57
73700 33
73701 34
737300 31
737301 27
73800 37
73801 17
738300 74
738301 10
73900 68
73901 12
739300 72
739301 1
731000 90
731001 15
7310300 87
7310301 14
731100 91
731101 1
7311300 91
7311301 1
741200 8
741201 99
7412300 6
7412301 99
74100 10
74101 99
741300 1
741301 99
74200 1
74201 98
742300 7
742301 89
74300 1
74301 85
743300 1
743301 89
74400 1
74401 77
744300 1
744301 70
74500 8
74501 50
745300 8
745301 51
74600 13
74601 49
746300 16
746301 43
74700 17
74701 33
747300 21
747301 31
74800 30
74801 22
748300 64
748301 12
74900 77
74901 8
749300 67
749301 1
741000 95
741001 14
7410300 94
7410301 4
741100 89
741101 6
7411300 99
7411301 9
751200 4
751201 93
7512300 5
7512301 99
75100 1
75101 99
751300 7
751301 89
75200 3
75201 90
752300 1
752301 83
75300 1
75301 96
753300 1
753301 74
75400 1
75401 65
754300 9
754301 59
75500 14
75501 56
755300 9
755301 51
75600 18
75601 57
756300 6
756301 57
75700 28
75701 36
757300 23
757301 23
75800 29
75801 21
758300 61
758301 6
75900 74
75901 2
759300 76
759301 15
751000 92
751001 4
7510300 87
7510301 9
751100 93
751101 12
7511300 96
7511301 8
761200 7
761201 99
7612300 1
7612301 96
76100 5
76101 95
761300 1
761301 94
76200 1
76201 99
762300 1
762301 86
76300 5
76301 92
763300 1
763301 91
76400 1
76401 62
764300 2
764301 58
76500 13
76501 57
765300 15
765301 58
76600 13
76601 56
766300 20
766301 52
76700 24
76701 44
767300 36
767301 36
76800 29
76801 33
768300 74
768301 6
76900 77
76901 14
769300 79
769301 7
761000 84
761001 1
7610300 92
7610301 3
761100 93
761101 1
7611300 96
7611301 11
771200 1
771201 99
7712300 10
7712301 99
77100 3
77101 89
771300 1
771301 99
77200 1
77201 86
772300 1
772301 94
77300 3
77301 80
773300 5
773301 89
77400 5
77401 67
774300 5
774301 70
77500 8
77501 59
775300 2
775301 47
77600 7
77601 49
776300 12
776301 42
77700 26
77701 50
777300 28
777301 24
77800 36
77801 21
778300 70
778301 12
77900 77
77901 10
779300 68
779301 12
771000 85
771001 1
7710300 99
7710301 6
771100 99
771101 1
7711300 93
7711301 1
811200 1
811201 89
8112300 3
8112301 89
81100 9
81101 99
811300 9
811301 90
81200 1
81201 92
812300 1
812301 84
81300 1
81301 95
813300 7
813301 80
81400 6
81401 79
814300 11
814301 72
81500 11
81501 65
815300 17
815301 45
81600 12
81601 51
816300 2
816301 56
81700 35
81701 36
817300 33
817301 28
81800 42
81801 32
818300 67
818301 14
81900 70
81901 9
819300 84
819301 1
811000 92
811001 1
8110300 97
8110301 1
811100 89
811101 1
8111300 99
8111301 8
821200 7
821201 97
8212300 3
8212301 96
82100 1
82101 99
821300 1
821301 99
82200 9
82201 99
822300 8
822301 96
82300 1
82301 96
823300 2
823301 75
82400 10
82401 71
824300 10
824301 55
82500 10
82501 60
825300 10
825301 48
82600 9
82601 55
826300 16
826301 54
82700 31
82701 36
827300 22
827301 25
82800 46
82801 33
828300 65
828301 14
82900 65
82901 11
829300 71
829301 17
821000 87
821001 1
8210300 92
8210301 9
821100 99
821101 1
8211300 99
8211301 7
831200 8
831201 98
8312300 6
8312301 99
83100 1
83101 93
831300 8
831301 99
83200 7
83201 96
832300 1
832301 97
83300 1
83301 78
833300 1
833301 85
83400 1
83401 71
834300 1
834301 68
83500 6
83501 52
835300 3
835301 52
83600 1
83601 60
836300 12
836301 54
83700 32
83701 43
837300 19
837301 29
83800 38
83801 27
838300 61
838301 21
83900 79
83901 5
839300 82
839301 1
831000 91
831001 12
8310300 92
8310301 3
831100 94
831101 1
8311300 94
8311301 1
841200 1
841201 93
8412300 1
8412301 90
84100 3
84101 99
841300 1
841301 92
84200 1
84201 85
842300 1
842301 84
84300 1
84301 85
843300 1
843301 91
84400 1
84401 66
844300 9
844301 62
84500 7
84501 63
845300 4
845301 61
84600 5
84601 47
846300 6
846301 54
84700 27
84701 46
847300 30
847301 26
84800 45
84801 25
848300 68
848301 16
84900 70
84901 14
849300 78
849301 3
841000 91
841001 12
8410300 91
8410301 1
841100 99
841101 1
8411300 99
8411301 5
851200 10
851201 94
8512300 8
8512301 94
85100 9
85101 99
851300 8
851301 88
85200 1
85201 83
852300 1
852301 98
85300 6
85301 93
853300 4
853301 82
85400 1
85401 70
854300 4
854301 59
85500 5
85501 58
855300 1
855301 55
85600 4
85601 41
856300 4
856301 39
85700 24
85701 45
857300 20
857301 31
85800 44
85801 25
858300 72
858301 14
85900 64
85901 11
859300 85
859301 4
851000 91
851001 8
8510300 91
8510301 1
851100 99
851101 6
8511300 92
8511301 1
861200 3
861201 99
8612300 1
8612301 98
86100 1
86101 87
861300 7
861301 96
86200 1
86201 83
862300 8
862301 87
86300 10
86301 81
863300 5
863301 85
86400 1
86401 78
864300 7
864301 63
86500 5
86501 58
865300 11
865301 57
86600 1
86601 44
866300 18
866301 46
86700 27
86701 50
867300 32
867301 35
86800 38
86801 19
868300 64
868301 20
86900 76
86901 15
869300 84
869301 4
861000 95
861001 4
8610300 98
8610301 9
861100 99
861101 7
8611300 99
8611301 9
871200 1
871201 98
8712300 1
8712301 96
87100 1
87101 96
871300 1
871301 99
87200 1
87201 83
872300 9
872301 87
87300 1
87301 89
873300 8
873301 90
87400 8
87401 74
874300 3
874301 64
87500 15
87501 66
875300 2
875301 46
87600 5
87601 43
876300 16
876301 58
87700 23
87701 32
877300 33
877301 42
87800 31
87801 20
878300 74
878301 17
87900 80
87901 8
879300 75
879301 12
871000 81
871001 7
8710300 93
8710301 1
871100 99
871101 6
8711300 99
8711301 1
911200 1
911201 97
9112300 8
9112301 99
91100 1
91101 99
911300 1
911301 91
91200 6
91201 99
912300 5
912301 90
91300 8
91301 78
913300 3
913301 74
91400 1
91401 77
914300 1
914301 64
91500 16
91501 50
915300 8
915301 45
91600 3
91601 46
916300 8
916301 45
91700 30
91701 32
917300 19
917301 27
91800 44
91801 34
918300 74
918301 7
91900 66
91901 17
919300 85
919301 16
911000 85
911001 9
9110300 99
9110301 10
911100 93
911101 13
9111300 96
9111301 9
921200 1
921201 99
9212300 1
9212301 99
92100 1
92101 99
921300 5
921301 99
92200 1
92201 87
922300 10
922301 96
92300 1
92301 90
923300 6
923301 91
92400 5
92401 66
924300 3
924301 67
92500 4
92501 64
925300 1
925301 55
92600 4
92601 49
926300 18
926301 50
92700 33
92701 46
927300 36
927301 42
92800 40
92801 22
928300 61
928301 15
92900 78
92901 7
929300 68
929301 6
921000 95
921001 3
9210300 97
9210301 1
921100 99
921101 1
9211300 97
9211301 1
931200 9
931201 89
9312300 1
9312301 89
93100 1
93101 96
931300 1
931301 99
93200 9
93201 88
932300 1
932301 86
93300 1
93301 88
933300 1
933301 86
93400 5
93401 78
934300 1
934301 70
93500 2
93501 59
935300 14
935301 46
93600 16
93601 59
936300 7
936301 44
93700 30
93701 43
937300 34
937301 29
93800 30
93801 22
938300 77
938301 16
93900 71
93901 14
939300 72
939301 5
931000 99
931001 13
9310300 98
9310301 1
931100 92
931101 1
9311300 92
9311301 4
941200 6
941201 99
9412300 2
9412301 99
94100 1
94101 91
941300 7
941301 99
94200 1
94201 88
942300 9
942301 91
94300 1
94301 91
943300 1
943301 93
94400 9
94401 64
944300 2
944301 62
94500 3
94501 60
945300 1
945301 61
94600 13
94601 57
946300 9
946301 43
94700 17
94701 37
947300 30
947301 30
94800 43
94801 35
948300 77
948301 16
94900 69
94901 11
949300 74
949301 6
941000 96
941001 1
9410300 90
9410301 13
941100 99
941101 1
9411300 93
9411301 11
951200 2
951201 99
9512300 1
9512301 99
95100 8
95101 92
951300 1
951301 95
95200 1
95201 99
952300 6
952301 95
95300 1
95301 77
953300 7
953301 91
95400 1
95401 73
954300 1
954301 62
95500 15
95501 65
955300 12
955301 54
95600 7
95601 47
956300 21
956301 49
95700 31
95701 34
957300 35
957301 30
95800 42
95801 36
958300 66
958301 13
95900 79
95901 7
959300 85
959301 10
951000 90
951001 4
9510300 92
9510301 3
951100 99
951101 7
9511300 99
9511301 1
961200 1
961201 99
9612300 3
9612301 98
96100 1
96101 94
961300 1
961301 89
96200 8
96201 98
962300 6
962301 83
96300 1
96301 86
963300 1
963301 83
96400 6
96401 77
964300 4
964301 65
96500 11
96501 61
965300 14
965301 47
96600 15
96601 60
966300 21
966301 43
96700 25
96701 34
967300 31
967301 42
96800 44
96801 17
968300 58
968301 4
96900 80
96901 18
969300 67
969301 5
961000 90
961001 10
9610300 99
9610301 3
961100 89
961101 1
9611300 99
9611301 12
971200 1
971201 99
9712300 1
9712301 96
97100 8
97101 94
971300 1
971301 90
97200 4
97201 83
972300 1
972301 89
97300 1
97301 83
973300 1
973301 93
97400 6
97401 67
974300 1
974301 66
97500 4
97501 56
975300 11
975301 44
97600 18
97601 46
976300 10
976301 45
97700 35
97701 33
977300 32
977301 42
97800 38
97801 28
978300 67
978301 9
97900 70
97901 4
979300 75
979301 10
971000 91
971001 14
9710300 92
9710301 1
971100 89
971101 13
9711300 92
9711301 3
1011200 1
1011201 99
10112300 1
10112301 93
101100 1
101101 88
1011300 1
1011301 99
101200 8
101201 97
1012300 8
1012301 87
101300 5
101301 94
1013300 3
1013301 74
101400 10
101401 70
1014300 1
1014301 61
101500 9
101501 62
1015300 8
1015301 50
101600 1
101601 60
1016300 20
1016301 50
101700 23
101701 48
1017300 29
1017301 40
101800 34
101801 19
1018300 64
1018301 14
101900 66
101901 19
1019300 80
1019301 2
1011000 92
1011001 16
10110300 94
10110301 5
1011100 93
1011101 8
10111300 89
10111301 6
1021200 6
1021201 96
10212300 1
10212301 92
102100 9
102101 99
1021300 1
1021301 96
102200 4
102201 83
1022300 1
1022301 96
102300 7
102301 84
1023300 1
1023301 89
102400 1
102401 71
1024300 1
1024301 60
102500 4
102501 56
1025300 4
1025301 45
102600 7
102601 47
1026300 12
1026301 55
102700 31
102701 33
1027300 33
1027301 37
102800 32
102801 32
1028300 66
1028301 4
102900 65
102901 16
1029300 77
1029301 8
1021000 88
1021001 9
10210300 86
10210301 14
1021100 99
1021101 1
10211300 95
10211301 1
1031200 1
1031201 98
10312300 1
10312301 90
103100 1
103101 91
1031300 1
1031301 88
103200 1
103201 92
1032300 4
1032301 83
103300 1
103301 88
1033300 1
1033301 82
103400 10
103401 70
1034300 10
1034301 71
103500 11
103501 51
1035300 6
1035301 52
103600 18
103601 59
1036300 12
1036301 47
103700 23
103701 33
1037300 36
1037301 27
103800 48
103801 21
1038300 74
1038301 4
103900 64
103901 14
1039300 71
1039301 8
1031000 93
1031001 2
10310300 99
10310301 5
1031100 99
1031101 5
10311300 97
10311301 4
1041200 7
1041201 94
10412300 10
10412301 91
104100 9
104101 99
1041300 3
1041301 99
104200 10
104201 98
1042300 1
1042301 98
104300 2
104301 88
1043300 10
1043301 78
104400 1
104401 78
1044300 1
1044301 65
104500 7
104501 61
1045300 16
1045301 62
104600 12
104601 49
1046300 3
1046301 56
104700 17
104701 47
1047300 27
1047301 23
104800 36
104801 30
1048300 76
1048301 22
104900 79
104901 16
1049300 78
1049301 16
1041000 97
1041001 12
10410300 92
10410301 3
1041100 99
1041101 13
10411300 99
10411301 9
1051200 2
1051201 99
10512300 1
10512301 95
105100 1
105101 88
1051300 2
1051301 99
105200 1
105201 97
1052300 1
1052301 95
105300 6
105301 89
1053300 1
1053301 78
105400 1
105401 75
1054300 7
1054301 62
105500 13
105501 52
1055300 4
1055301 58
105600 16
105601 46
1056300 3
1056301 53
105700 33
105701 42
1057300 23
1057301 24
105800 38
105801 31
1058300 67
1058301 17
105900 66
105901 19
1059300 78
1059301 5
1051000 83
1051001 2
10510300 94
10510301 10
1051100 95
1051101 2
10511300 97
10511301 12
1061200 5
1061201 91
10612300 1
10612301 99
106100 2
106101 99
1061300 7
1061301 88
106200 1
106201 99
1062300 3
1062301 97
106300 7
106301 91
1063300 1
1063301 76
106400 1
106401 65
1064300 1
1064301 64
106500 17
106501 59
1065300 15
1065301 45
106600 2
106601 49
1066300 4
1066301 48
106700 35
106701 48
1067300 24
1067301 24
106800 47
106801 32
1068300 75
1068301 13
106900 63
106901 19
1069300 72
1069301 13
1061000 82
1061001 3
10610300 94
10610301 1
1061100 98
1061101 1
10611300 99
10611301 1
1071200 8
1071201 91
10712300 7
10712301 99
107100 1
107101 95
1071300 1
1071301 89
107200 1
107201 96
1072300 3
1072301 88
107300 3
107301 85
1073300 1
1073301 85
107400 6
107401 70
1074300 1
1074301 61
107500 1
107501 64
1075300 3
1075301 56
107600 10
107601 60
1076300 19
1076301 45
107700 28
107701 31
1077300 28
1077301 33
107800 37
107801 28
1078300 67
1078301 12
107900 70
107901 19
1079300 70
1079301 1
1071000 84
1071001 5
10710300 96
10710301 1
1071100 96
1071101 1
10711300 94
10711301 6
1111200 1
1111201 94
11112300 5
11112301 93
111100 5
111101 93
1111300 1
1111301 99
111200 6
111201 86
1112300 1
1112301 99
111300 1
111301 80
1113300 1
1113301 75
111400 5
111401 72
1114300 1
1114301 64
111500 6
111501 57
1115300 16
1115301 47
111600 1
111601 53
1116300 18
1116301 44
111700 32
111701 48
1117300 33
1117301 28
111800 34
111801 34
1118300 70
1118301 6
111900 82
111901 15
1119300 68
1119301 8
1111000 81
1111001 6
11110300 99
11110301 13
1111100 99
1111101 7
11111300 96
11111301 1
1121200 7
1121201 99
11212300 7
11212301 91
112100 8
112101 92
1121300 1
1121301 98
112200 10
112201 94
1122300 1
1122301 83
112300 7
112301 86
1123300 1
1123301 82
112400 1
112401 79
1124300 1
1124301 56
112500 3
112501 65
1125300 17
1125301 49
112600 1
112601 53
1126300 16
1126301 55
112700 25
112701 39
1127300 28
1127301 26
112800 46
112801 27
1128300 67
1128301 11
112900 79
112901 16
1129300 67
1129301 13
1121000 89
1121001 10
11210300 99
11210301 1
1121100 93
1121101 10
11211300 99
11211301 12
1131200 1
1131201 99
11312300 5
11312301 92
113100 1
113101 90
1131300 1
1131301 99
113200 1
113201 84
1132300 1
1132301 92
113300 3
113301 77
1133300 4
1133301 83
113400 2
113401 76
1134300 6
1134301 66
113500 6
113501 50
1135300 11
1135301 49
113600 17
113601 59
1136300 15
1136301 43
113700 34
113701 44
1137300 30
1137301 28
113800 42
113801 26
1138300 75
1138301 11
113900 81
113901 10
1139300 68
1139301 1
1131000 86
1131001 7
11310300 99
11310301 4
1131100 96
1131101 8
11311300 93
11311301 12
1141200 7
1141201 99
11412300 1
11412301 92
114100 1
114101 88
1141300 1
1141301 92
114200 6
114201 88
1142300 1
1142301 95
114300 1
114301 83
1143300 8
1143301 92
114400 10
114401 77
1144300 1
1144301 65
114500 2
114501 65
1145300 14
1145301 44
114600 2
114601 59
1146300 8
1146301 47
114700 30
114701 37
1147300 22
1147301 25
114800 31
114801 19
1148300 68
1148301 13
114900 79
114901 20
1149300 81
1149301 9
1141000 95
1141001 14
11410300 94
11410301 14
1141100 89
1141101 1
11411300 99
11411301 1
1151200 3
1151201 99
11512300 6
11512301 94
115100 1
115101 99
1151300 7
1151301 92
115200 3
115201 86
1152300 1
1152301 81
115300 1
115301 80
1153300 7
1153301 91
115400 1
115401 72
1154300 1
1154301 66
115500 1
115501 64
1155300 9
1155301 55
115600 12
115601 55
1156300 10
1156301 56
115700 26
115701 38
1157300 24
1157301 29
115800 37
115801 24
1158300 69
1158301 15
115900 69
115901 2
1159300 78
1159301 1
1151000 91
1151001 9
11510300 99
11510301 7
1151100 95
1151101 1
11511300 99
11511301 9
1161200 1
1161201 95
11612300 1
11612301 91
116100 1
116101 92
1161300 1
1161301 93
116200 1
116201 99
1162300 5
1162301 93
116300 1
116301 84
1163300 6
1163301 75
116400 6
116401 78
1164300 1
1164301 69
116500 10
116501 62
1165300 3
1165301 45
116600 1
116601 54
1166300 15
1166301 42
116700 35
116701 34
1167300 19
1167301 35
116800 31
116801 32
1168300 59
1168301 12
116900 72
116901 14
1169300 70
1169301 16
1161000 83
1161001 1
11610300 98
11610301 1
1161100 89
1161101 4
11611300 99
11611301 12
1171200 4
1171201 99
11712300 2
11712301 99
117100 1
117101 99
1171300 1
1171301 87
117200 1
117201 96
1172300 5
1172301 81
117300 6
117301 79
1173300 5
1173301 87
117400 1
117401 81
1174300 1
1174301 61
117500 8
117501 68
1175300 11
1175301 52
117600 1
117601 57
1176300 6
1176301 42
117700 18
117701 36
1177300 33
1177301 32
117800 29
117801 33
1178300 77
1178301 7
117900 72
117901 1
1179300 70
1179301 10
1171000 88
1171001 1
11710300 87
11710301 8
1171100 92
1171101 1
11711300 99
11711301 1
