011200 1
011201 99
0112300 1
0112301 99
01100 1
01101 97
011300 1
011301 96
01200 1
01201 93
012300 1
012301 91
01300 1
01301 87
013300 1
013301 84
01400 1
01401 72
014300 2
014301 63
01500 8
01501 60
015300 9
015301 54
01600 9
01601 51
016300 12
016301 49
01700 26
01701 41
017300 27
017301 33
01800 39
01801 27
018300 68
018301 13
01900 73
01901 11
019300 76
019301 8
011000 91
011001 7
0110300 96
0110301 5
011100 99
011101 4
0111300 99
0111301 3
021200 1
021201 99
0212300 1
0212301 99
02100 1
02101 97
021300 1
021301 96
02200 1
02201 93
022300 1
022301 91
02300 1
02301 87
023300 1
023301 84
02400 1
02401 72
024300 2
024301 63
02500 8
02501 60
025300 9
025301 54
02600 9
02601 51
026300 12
026301 49
02700 26
02701 41
027300 27
027301 33
02800 39
02801 27
028300 68
028301 13
02900 73
02901 11
029300 76
029301 8
021000 91
021001 7
0210300 96
0210301 5
021100 99
021101 4
0211300 99
0211301 3
031200 1
031201 99
0312300 1
0312301 99
03100 1
03101 97
031300 1
031301 96
03200 1
03201 93
032300 1
032301 91
03300 1
03301 87
033300 1
033301 84
03400 1
03401 72
034300 2
034301 63
03500 8
03501 60
035300 9
035301 54
03600 9
03601 51
036300 12
036301 49
03700 26
03701 41
037300 27
037301 33
03800 39
03801 27
038300 68
038301 13
03900 73
03901 11
039300 76
039301 8
031000 91
031001 7
0310300 96
0310301 5
031100 99
031101 4
0311300 99
0311301 3
041200 1
041201 99
0412300 1
0412301 99
04100 1
04101 97
041300 1
041301 96
04200 1
04201 93
042300 1
042301 91
04300 1
04301 87
043300 1
043301 84
04400 1
04401 72
044300 2
044301 63
04500 8
04501 60
045300 9
045301 54
04600 9
04601 51
046300 12
046301 49
04700 26
04701 41
047300 27
047301 33
04800 39
04801 27
048300 68
048301 13
04900 73
04901 11
049300 76
049301 8
041000 91
041001 7
0410300 96
0410301 5
041100 99
041101 4
0411300 99
0411301 3
051200 1
051201 99
0512300 1
0512301 99
05100 1
05101 97
051300 1
051301 96
05200 1
05201 93
052300 1
052301 91
05300 1
05301 87
053300 1
053301 84
05400 1
05401 72
054300 2
054301 63
05500 8
05501 60
055300 9
055301 54
05600 9
05601 51
056300 12
056301 49
05700 26
05701 41
057300 27
057301 33
05800 39
05801 27
058300 68
058301 13
05900 73
05901 11
059300 76
059301 8
051000 91
051001 7
0510300 96
0510301 5
051100 99
051101 4
0511300 99
0511301 3
061200 1
061201 99
0612300 1
0612301 99
06100 1
06101 97
061300 1
061301 96
06200 1
06201 93
062300 1
062301 91
06300 1
06301 87
063300 1
063301 84
06400 1
06401 72
064300 2
064301 63
06500 8
06501 60
065300 9
065301 54
06600 9
06601 51
066300 12
066301 49
06700 26
06701 41
067300 27
067301 33
06800 39
06801 27
068300 68
068301 13
06900 73
06901 11
069300 76
069301 8
061000 91
061001 7
0610300 96
0610301 5
061100 99
061101 4
0611300 99
0611301 3
071200 1
071201 99
0712300 1
0712301 99
07100 1
07101 97
071300 1
071301 96
07200 1
07201 93
072300 1
072301 91
07300 1
07301 87
073300 1
073301 84
07400 1
07401 72
074300 2
074301 63
07500 8
07501 60
075300 9
075301 54
07600 9
07601 51
076300 12
076301 49
07700 26
07701 41
077300 27
077301 33
07800 39
07801 27
078300 68
078301 13
07900 73
07901 11
079300 76
079301 8
071000 91
071001 7
0710300 96
0710301 5
071100 99
071101 4
0711300 99
0711301 3
111200 1
111201 99
1112300 1
1112301 99
11100 1
11101 97
111300 1
111301 96
11200 1
11201 93
112300 1
112301 91
11300 1
11301 87
113300 1
113301 84
11400 1
11401 72
114300 2
114301 63
11500 8
11501 60
115300 9
115301 54
11600 9
11601 51
116300 12
116301 49
11700 26
11701 41
117300 27
117301 33
11800 39
11801 27
118300 68
118301 13
11900 73
11901 11
119300 76
119301 8
111000 91
111001 7
1110300 96
1110301 5
111100 99
111101 4
1111300 99
1111301 3
121200 1
121201 99
1212300 1
1212301 99
12100 1
12101 97
121300 1
121301 96
12200 1
12201 93
122300 1
122301 91
12300 1
12301 87
123300 1
123301 84
12400 1
12401 72
124300 2
124301 63
12500 8
12501 60
125300 9
125301 54
12600 9
12601 51
126300 12
126301 49
12700 26
12701 41
127300 27
127301 33
12800 39
12801 27
128300 68
128301 13
12900 73
12901 11
129300 76
129301 8
121000 91
121001 7
1210300 96
1210301 5
121100 99
121101 4
1211300 99
1211301 3
131200 1
131201 99
1312300 1
1312301 99
13100 1
13101 97
131300 1
131301 96
13200 1
13201 93
132300 1
132301 91
13300 1
13301 87
133300 1
133301 84
13400 1
13401 72
134300 2
134301 63
13500 8
13501 60
135300 9
135301 54
13600 9
13601 51
136300 12
136301 49
13700 26
13701 41
137300 27
137301 33
13800 39
13801 27
138300 68
138301 13
13900 73
13901 11
139300 76
139301 8
131000 91
131001 7
1310300 96
1310301 5
131100 99
131101 4
1311300 99
1311301 3
141200 1
141201 99
1412300 1
1412301 99
14100 1
14101 97
141300 1
141301 96
14200 1
14201 93
142300 1
142301 91
14300 1
14301 87
143300 1
143301 84
14400 1
14401 72
144300 2
144301 63
14500 8
14501 60
145300 9
145301 54
14600 9
14601 51
146300 12
146301 49
14700 26
14701 41
147300 27
147301 33
14800 39
14801 27
148300 68
148301 13
14900 73
14901 11
149300 76
149301 8
141000 91
141001 7
1410300 96
1410301 5
141100 99
141101 4
1411300 99
1411301 3
151200 1
151201 99
1512300 1
1512301 99
15100 1
15101 97
151300 1
151301 96
15200 1
15201 93
152300 1
152301 91
15300 1
15301 87
153300 1
153301 84
15400 1
15401 72
154300 2
154301 63
15500 8
15501 60
155300 9
155301 54
15600 9
15601 51
156300 12
156301 49
15700 26
15701 41
157300 27
157301 33
15800 39
15801 27
158300 68
158301 13
15900 73
15901 11
159300 76
159301 8
151000 91
151001 7
1510300 96
1510301 5
151100 99
151101 4
1511300 99
1511301 3
161200 1
161201 99
1612300 1
1612301 99
16100 1
16101 97
161300 1
161301 96
16200 1
16201 93
162300 1
162301 91
16300 1
16301 87
163300 1
163301 84
16400 1
16401 72
164300 2
164301 63
16500 8
16501 60
165300 9
165301 54
16600 9
16601 51
166300 12
166301 49
16700 26
16701 41
167300 27
167301 33
16800 39
16801 27
168300 68
168301 13
16900 73
16901 11
169300 76
169301 8
161000 91
161001 7
1610300 96
1610301 5
161100 99
161101 4
1611300 99
1611301 3
171200 1
171201 99
1712300 1
1712301 99
17100 1
17101 97
171300 1
171301 96
17200 1
17201 93
172300 1
172301 91
17300 1
17301 87
173300 1
173301 84
17400 1
17401 72
174300 2
174301 63
17500 8
17501 60
175300 9
175301 54
17600 9
17601 51
176300 12
176301 49
17700 26
17701 41
177300 27
177301 33
17800 39
17801 27
178300 68
178301 13
17900 73
17901 11
179300 76
179301 8
171000 91
171001 7
1710300 96
1710301 5
171100 99
171101 4
1711300 99
1711301 3
211200 1
211201 99
2112300 1
2112301 99
21100 1
21101 97
211300 1
211301 96
21200 1
21201 93
212300 1
212301 91
21300 1
21301 87
213300 1
213301 84
21400 1
21401 72
214300 2
214301 63
21500 8
21501 60
215300 9
215301 54
21600 9
21601 51
216300 12
216301 49
21700 26
21701 41
217300 27
217301 33
21800 39
21801 27
218300 68
218301 13
21900 73
21901 11
219300 76
219301 8
211000 91
211001 7
2110300 96
2110301 5
211100 99
211101 4
2111300 99
2111301 3
221200 1
221201 99
2212300 1
2212301 99
22100 1
22101 97
221300 1
221301 96
22200 1
22201 93
222300 1
222301 91
22300 1
22301 87
223300 1
223301 84
22400 1
22401 72
224300 2
224301 63
22500 8
22501 60
225300 9
225301 54
22600 9
22601 51
226300 12
226301 49
22700 26
22701 41
227300 27
227301 33
22800 39
22801 27
228300 68
228301 13
22900 73
22901 11
229300 76
229301 8
221000 91
221001 7
2210300 96
2210301 5
221100 99
221101 4
2211300 99
2211301 3
231200 1
231201 99
2312300 1
2312301 99
23100 1
23101 97
231300 1
231301 96
23200 1
23201 93
232300 1
232301 91
23300 1
23301 87
233300 1
233301 84
23400 1
23401 72
234300 2
234301 63
23500 8
23501 60
235300 9
235301 54
23600 9
23601 51
236300 12
236301 49
23700 26
23701 41
237300 27
237301 33
23800 39
23801 27
238300 68
238301 13
23900 73
23901 11
239300 76
239301 8
231000 91
231001 7
2310300 96
2310301 5
231100 99
231101 4
2311300 99
2311301 3
241200 1
241201 99
2412300 1
2412301 99
24100 1
24101 97
241300 1
241301 96
24200 1
24201 93
242300 1
242301 91
24300 1
24301 87
243300 1
243301 84
24400 1
24401 72
244300 2
244301 63
24500 8
24501 60
245300 9
245301 54
24600 9
24601 51
246300 12
246301 49
24700 26
24701 41
247300 27
247301 33
24800 39
24801 27
248300 68
248301 13
24900 73
24901 11
249300 76
249301 8
241000 91
241001 7
2410300 96
2410301 5
241100 99
241101 4
2411300 99
2411301 3
251200 1
251201 99
2512300 1
2512301 99
25100 1
25101 97
251300 1
251301 96
25200 1
25201 93
252300 1
252301 91
25300 1
25301 87
253300 1
253301 84
25400 1
25401 72
254300 2
254301 63
25500 8
25501 60
255300 9
255301 54
25600 9
25601 51
256300 12
256301 49
25700 26
25701 41
257300 27
257301 33
25800 39
25801 27
258300 68
258301 13
25900 73
25901 11
259300 76
259301 8
251000 91
251001 7
2510300 96
2510301 5
251100 99
251101 4
2511300 99
2511301 3
261200 1
261201 99
2612300 1
2612301 99
26100 1
26101 97
261300 1
261301 96
26200 1
26201 93
262300 1
262301 91
26300 1
26301 87
263300 1
263301 84
26400 1
26401 72
264300 2
264301 63
26500 8
26501 60
265300 9
265301 54
26600 9
26601 51
266300 12
266301 49
26700 26
26701 41
267300 27
267301 33
26800 39
26801 27
268300 68
268301 13
26900 73
26901 11
269300 76
269301 8
261000 91
261001 7
2610300 96
2610301 5
261100 99
261101 4
2611300 99
2611301 3
271200 1
271201 99
2712300 1
2712301 99
27100 1
27101 97
271300 1
271301 96
27200 1
27201 93
272300 1
272301 91
27300 1
27301 87
273300 1
273301 84
27400 1
27401 72
274300 2
274301 63
27500 8
27501 60
275300 9
275301 54
27600 9
27601 51
276300 12
276301 49
27700 26
27701 41
277300 27
277301 33
27800 39
27801 27
278300 68
278301 13
27900 73
27901 11
279300 76
279301 8
271000 91
271001 7
2710300 96
2710301 5
271100 99
271101 4
2711300 99
2711301 3
311200 1
311201 99
3112300 1
3112301 99
31100 1
31101 97
311300 1
311301 96
31200 1
31201 93
312300 1
312301 91
31300 1
31301 87
313300 1
313301 84
31400 1
31401 72
314300 2
314301 63
31500 8
31501 60
315300 9
315301 54
31600 9
31601 51
316300 12
316301 49
31700 26
31701 41
317300 27
317301 33
31800 39
31801 27
318300 68
318301 13
31900 73
31901 11
319300 76
319301 8
311000 91
311001 7
3110300 96
3110301 5
311100 99
311101 4
3111300 99
3111301 3
321200 1
321201 99
3212300 1
3212301 99
32100 1
32101 97
321300 1
321301 96
32200 1
32201 93
322300 1
322301 91
32300 1
32301 87
323300 1
323301 84
32400 1
32401 72
324300 2
324301 63
32500 8
32501 60
325300 9
325301 54
32600 9
32601 51
326300 12
326301 49
32700 26
32701 41
327300 27
327301 33
32800 39
32801 27
328300 68
328301 13
32900 73
32901 11
329300 76
329301 8
321000 91
321001 7
3210300 96
3210301 5
321100 99
321101 4
3211300 99
3211301 3
331200 1
331201 99
3312300 1
3312301 99
33100 1
33101 97
331300 1
331301 96
33200 1
33201 93
332300 1
332301 91
33300 1
33301 87
333300 1
333301 84
33400 1
33401 72
334300 2
334301 63
33500 8
33501 60
335300 9
335301 54
33600 9
33601 51
336300 12
336301 49
33700 26
33701 41
337300 27
337301 33
33800 39
33801 27
338300 68
338301 13
33900 73
33901 11
339300 76
339301 8
331000 91
331001 7
3310300 96
3310301 5
331100 99
331101 4
3311300 99
3311301 3
341200 1
341201 99
3412300 1
3412301 99
34100 1
34101 97
341300 1
341301 96
34200 1
34201 93
342300 1
342301 91
34300 1
34301 87
343300 1
343301 84
34400 1
34401 72
344300 2
344301 63
34500 8
34501 60
345300 9
345301 54
34600 9
34601 51
346300 12
346301 49
34700 26
34701 41
347300 27
347301 33
34800 39
34801 27
348300 68
348301 13
34900 73
34901 11
349300 76
349301 8
341000 91
341001 7
3410300 96
3410301 5
341100 99
341101 4
3411300 99
3411301 3
351200 1
351201 99
3512300 1
3512301 99
35100 1
35101 97
351300 1
351301 96
35200 1
35201 93
352300 1
352301 91
35300 1
35301 87
353300 1
353301 84
35400 1
35401 72
354300 2
354301 63
35500 8
35501 60
355300 9
355301 54
35600 9
35601 51
356300 12
356301 49
35700 26
35701 41
357300 27
357301 33
35800 39
35801 27
358300 68
358301 13
35900 73
35901 11
359300 76
359301 8
351000 91
351001 7
3510300 96
3510301 5
351100 99
351101 4
3511300 99
3511301 3
361200 1
361201 99
3612300 1
3612301 99
36100 1
36101 97
361300 1
361301 96
36200 1
36201 93
362300 1
362301 91
36300 1
36301 87
363300 1
363301 84
36400 1
36401 72
364300 2
364301 63
36500 8
36501 60
365300 9
365301 54
36600 9
36601 51
366300 12
366301 49
36700 26
36701 41
367300 27
367301 33
36800 39
36801 27
368300 68
368301 13
36900 73
36901 11
369300 76
369301 8
361000 91
361001 7
3610300 96
3610301 5
361100 99
361101 4
3611300 99
3611301 3
371200 1
371201 99
3712300 1
3712301 99
37100 1
37101 97
371300 1
371301 96
37200 1
37201 93
372300 1
372301 91
37300 1
37301 87
373300 1
373301 84
37400 1
37401 72
374300 2
374301 63
37500 8
37501 60
375300 9
375301 54
37600 9
37601 51
376300 12
376301 49
37700 26
37701 41
377300 27
377301 33
37800 39
37801 27
378300 68
378301 13
37900 73
37901 11
379300 76
379301 8
371000 91
371001 7
3710300 96
3710301 5
371100 99
371101 4
3711300 99
3711301 3
411200 1
411201 99
4112300 1
4112301 99
41100 1
41101 97
411300 1
411301 96
41200 1
41201 93
412300 1
412301 91
41300 1
41301 87
413300 1
413301 84
41400 1
41401 72
414300 2
414301 63
41500 8
41501 60
415300 9
415301 54
41600 9
41601 51
416300 12
416301 49
41700 26
41701 41
417300 27
417301 33
41800 39
41801 27
418300 68
418301 13
41900 73
41901 11
419300 76
419301 8
411000 91
411001 7
4110300 96
4110301 5
411100 99
411101 4
4111300 99
4111301 3
421200 1
421201 99
4212300 1
4212301 99
42100 1
42101 97
421300 1
421301 96
42200 1
42201 93
422300 1
422301 91
42300 1
42301 87
423300 1
423301 84
42400 1
42401 72
424300 2
424301 63
42500 8
42501 60
425300 9
425301 54
42600 9
42601 51
426300 12
426301 49
42700 26
42701 41
427300 27
427301 33
42800 39
42801 27
428300 68
428301 13
42900 73
42901 11
429300 76
429301 8
421000 91
421001 7
4210300 96
4210301 5
421100 99
421101 4
4211300 99
4211301 3
431200 1
431201 99
4312300 1
4312301 99
43100 1
43101 97
431300 1
431301 96
43200 1
43201 93
432300 1
432301 91
43300 1
43301 87
433300 1
433301 84
43400 1
43401 72
434300 2
434301 63
43500 8
43501 60
435300 9
435301 54
43600 9
43601 51
436300 12
436301 49
43700 26
43701 41
437300 27
437301 33
43800 39
43801 27
438300 68
438301 13
43900 73
43901 11
439300 76
439301 8
431000 91
431001 7
4310300 96
4310301 5
431100 99
431101 4
4311300 99
4311301 3
441200 1
441201 99
4412300 1
4412301 99
44100 1
44101 97
441300 1
441301 96
44200 1
44201 93
442300 1
442301 91
44300 1
44301 87
443300 1
443301 84
44400 1
44401 72
444300 2
444301 63
44500 8
44501 60
445300 9
445301 54
44600 9
44601 51
446300 12
446301 49
44700 26
44701 41
447300 27
447301 33
44800 39
44801 27
448300 68
448301 13
44900 73
44901 11
449300 76
449301 8
441000 91
441001 7
4410300 96
4410301 5
441100 99
441101 4
4411300 99
4411301 3
451200 1
451201 99
4512300 1
4512301 99
45100 1
45101 97
451300 1
451301 96
45200 1
45201 93
452300 1
452301 91
45300 1
45301 87
453300 1
453301 84
45400 1
45401 72
454300 2
454301 63
45500 8
45501 60
455300 9
455301 54
45600 9
45601 51
456300 12
456301 49
45700 26
45701 41
457300 27
457301 33
45800 39
45801 27
458300 68
458301 13
45900 73
45901 11
459300 76
459301 8
451000 91
451001 7
4510300 96
4510301 5
451100 99
451101 4
4511300 99
4511301 3
461200 1
461201 99
4612300 1
4612301 99
46100 1
46101 97
461300 1
461301 96
46200 1
46201 93
462300 1
462301 91
46300 1
46301 87
463300 1
463301 84
46400 1
46401 72
464300 2
464301 63
46500 8
46501 60
465300 9
465301 54
46600 9
46601 51
466300 12
466301 49
46700 26
46701 41
467300 27
467301 33
46800 39
46801 27
468300 68
468301 13
46900 73
46901 11
469300 76
469301 8
461000 91
461001 7
4610300 96
4610301 5
461100 99
461101 4
4611300 99
4611301 3
471200 1
471201 99
4712300 1
4712301 99
47100 1
47101 97
471300 1
471301 96
47200 1
47201 93
472300 1
472301 91
47300 1
47301 87
473300 1
473301 84
47400 1
47401 72
474300 2
474301 63
47500 8
47501 60
475300 9
475301 54
47600 9
47601 51
476300 12
476301 49
47700 26
47701 41
477300 27
477301 33
47800 39
47801 27
478300 68
478301 13
47900 73
47901 11
479300 76
479301 8
471000 91
471001 7
4710300 96
4710301 5
471100 99
471101 4
4711300 99
4711301 3
511200 1
511201 99
5112300 1
5112301 99
51100 1
51101 97
511300 1
511301 96
51200 1
51201 93
512300 1
512301 91
51300 1
51301 87
513300 1
513301 84
51400 1
51401 72
514300 2
514301 63
51500 8
51501 60
515300 9
515301 54
51600 9
51601 51
516300 12
516301 49
51700 26
51701 41
517300 27
517301 33
51800 39
51801 27
518300 68
518301 13
51900 73
51901 11
519300 76
519301 8
511000 91
511001 7
5110300 96
5110301 5
511100 99
511101 4
5111300 99
5111301 3
521200 1
521201 99
5212300 1
5212301 99
52100 1
52101 97
521300 1
521301 96
52200 1
52201 93
522300 1
522301 91
52300 1
52301 87
523300 1
523301 84
52400 1
52401 72
524300 2
524301 63
52500 8
52501 60
525300 9
525301 54
52600 9
52601 51
526300 12
526301 49
52700 26
52701 41
527300 27
527301 33
52800 39
52801 27
528300 68
528301 13
52900 73
52901 11
529300 76
529301 8
521000 91
521001 7
5210300 96
5210301 5
521100 99
521101 4
5211300 99
5211301 3
531200 1
531201 99
5312300 1
5312301 99
53100 1
53101 97
531300 1
531301 96
53200 1
53201 93
532300 1
532301 91
53300 1
53301 87
533300 1
533301 84
53400 1
53401 72
534300 2
534301 63
53500 8
53501 60
535300 9
535301 54
53600 9
53601 51
536300 12
536301 49
53700 26
53701 41
537300 27
537301 33
53800 39
53801 27
538300 68
538301 13
53900 73
53901 11
539300 76
539301 8
531000 91
531001 7
5310300 96
5310301 5
531100 99
531101 4
5311300 99
5311301 3
541200 1
541201 99
5412300 1
5412301 99
54100 1
54101 97
541300 1
541301 96
54200 1
54201 93
542300 1
542301 91
54300 1
54301 87
543300 1
543301 84
54400 1
54401 72
544300 2
544301 63
54500 8
54501 60
545300 9
545301 54
54600 9
54601 51
546300 12
546301 49
54700 26
54701 41
547300 27
547301 33
54800 39
54801 27
548300 68
548301 13
54900 73
54901 11
549300 76
549301 8
541000 91
541001 7
5410300 96
5410301 5
541100 99
541101 4
5411300 99
5411301 3
551200 1
551201 99
5512300 1
5512301 99
55100 1
55101 97
551300 1
551301 96
55200 1
55201 93
552300 1
552301 91
55300 1
55301 87
553300 1
553301 84
55400 1
55401 72
554300 2
554301 63
55500 8
55501 60
555300 9
555301 54
55600 9
55601 51
556300 12
556301 49
55700 26
55701 41
557300 27
557301 33
55800 39
55801 27
558300 68
558301 13
55900 73
55901 11
559300 76
559301 8
551000 91
551001 7
5510300 96
5510301 5
551100 99
551101 4
5511300 99
5511301 3
561200 1
561201 99
5612300 1
5612301 99
56100 1
56101 97
561300 1
561301 96
56200 1
56201 93
562300 1
562301 91
56300 1
56301 87
563300 1
563301 84
56400 1
56401 72
564300 2
564301 63
56500 8
56501 60
565300 9
565301 54
56600 9
56601 51
566300 12
566301 49
56700 26
56701 41
567300 27
567301 33
56800 39
56801 27
568300 68
568301 13
56900 73
56901 11
569300 76
569301 8
561000 91
561001 7
5610300 96
5610301 5
561100 99
561101 4
5611300 99
5611301 3
571200 1
571201 99
5712300 1
5712301 99
57100 1
57101 97
571300 1
571301 96
57200 1
57201 93
572300 1
572301 91
57300 1
57301 87
573300 1
573301 84
57400 1
57401 72
574300 2
574301 63
57500 8
57501 60
575300 9
575301 54
57600 9
57601 51
576300 12
576301 49
57700 26
57701 41
577300 27
577301 33
57800 39
57801 27
578300 68
578301 13
57900 73
57901 11
579300 76
579301 8
571000 91
571001 7
5710300 96
5710301 5
571100 99
571101 4
5711300 99
5711301 3
611200 1
611201 99
6112300 1
6112301 99
61100 1
61101 97
611300 1
611301 96
61200 1
61201 93
612300 1
612301 91
61300 1
61301 87
613300 1
613301 84
61400 1
61401 72
614300 2
614301 63
61500 8
61501 60
615300 9
615301 54
61600 9
61601 51
616300 12
616301 49
61700 26
61701 41
617300 27
617301 33
61800 39
61801 27
618300 68
618301 13
61900 73
61901 11
619300 76
619301 8
611000 91
611001 7
6110300 96
6110301 5
611100 99
611101 4
6111300 99
6111301 3
621200 1
621201 99
6212300 1
6212301 99
62100 1
62101 97
621300 1
621301 96
62200 1
62201 93
622300 1
622301 91
62300 1
62301 87
623300 1
623301 84
62400 1
62401 72
624300 2
624301 63
62500 8
62501 60
625300 9
625301 54
62600 9
62601 51
626300 12
626301 49
62700 26
62701 41
627300 27
627301 33
62800 39
62801 27
628300 68
628301 13
62900 73
62901 11
629300 76
629301 8
621000 91
621001 7
6210300 96
6210301 5
621100 99
621101 4
6211300 99
6211301 3
631200 1
631201 99
6312300 1
6312301 99
63100 1
63101 97
631300 1
631301 96
63200 1
63201 93
632300 1
632301 91
63300 1
63301 87
633300 1
633301 84
63400 1
63401 72
634300 2
634301 63
63500 8
63501 60
635300 9
635301 54
63600 9
63601 51
636300 12
636301 49
63700 26
63701 41
637300 27
637301 33
63800 39
63801 27
638300 68
638301 13
63900 73
63901 11
639300 76
639301 8
631000 91
631001 7
6310300 96
6310301 5
631100 99
631101 4
6311300 99
6311301 3
641200 1
641201 99
6412300 1
6412301 99
64100 1
64101 97
641300 1
641301 96
64200 1
64201 93
642300 1
642301 91
64300 1
64301 87
643300 1
643301 84
64400 1
64401 72
644300 2
644301 63
64500 8
64501 60
645300 9
645301 54
64600 9
64601 51
646300 12
646301 49
64700 26
64701 41
647300 27
647301 33
64800 39
64801 27
648300 68
648301 13
64900 73
64901 11
649300 76
649301 8
641000 91
641001 7
6410300 96
6410301 5
641100 99
641101 4
6411300 99
6411301 3
651200 1
651201 99
6512300 1
6512301 99
65100 1
65101 97
651300 1
651301 96
65200 1
65201 93
652300 1
652301 91
65300 1
65301 87
653300 1
653301 84
65400 1
65401 72
654300 2
654301 63
65500 8
65501 60
655300 9
655301 54
65600 9
65601 51
656300 12
656301 49
65700 26
65701 41
657300 27
657301 33
65800 39
65801 27
658300 68
658301 13
65900 73
65901 11
659300 76
659301 8
651000 91
651001 7
6510300 96
6510301 5
651100 99
651101 4
6511300 99
6511301 3
661200 1
661201 99
6612300 1
6612301 99
66100 1
66101 97
661300 1
661301 96
66200 1
66201 93
662300 1
662301 91
66300 1
66301 87
663300 1
663301 84
66400 1
66401 72
664300 2
664301 63
66500 8
66501 60
665300 9
665301 54
66600 9
66601 51
666300 12
666301 49
66700 26
66701 41
667300 27
667301 33
66800 39
66801 27
668300 68
668301 13
66900 73
66901 11
669300 76
669301 8
661000 91
661001 7
6610300 96
6610301 5
661100 99
661101 4
6611300 99
6611301 3
671200 1
671201 99
6712300 1
6712301 99
67100 1
67101 97
671300 1
671301 96
67200 1
67201 93
672300 1
672301 91
67300 1
67301 87
673300 1
673301 84
67400 1
67401 72
674300 2
674301 63
67500 8
67501 60
675300 9
675301 54
67600 9
67601 51
676300 12
676301 49
67700 26
67701 41
677300 27
677301 33
67800 39
67801 27
678300 68
678301 13
67900 73
67901 11
679300 76
679301 8
671000 91
671001 7
6710300 96
6710301 5
671100 99
671101 4
6711300 99
6711301 3
711200 1
711201 99
7112300 1
7112301 99
71100 1
71101 97
711300 1
711301 96
71200 1
71201 93
712300 1
712301 91
71300 1
71301 87
713300 1
713301 84
71400 1
71401 72
714300 2
714301 63
71500 8
71501 60
715300 9
715301 54
71600 9
71601 51
716300 12
716301 49
71700 26
71701 41
717300 27
717301 33
71800 39
71801 27
718300 68
718301 13
71900 73
71901 11
719300 76
719301 8
711000 91
711001 7
7110300 96
7110301 5
711100 99
711101 4
7111300 99
7111301 3
721200 1
721201 99
7212300 1
7212301 99
72100 1
72101 97
721300 1
721301 96
72200 1
72201 93
722300 1
722301 91
72300 1
72301 87
723300 1
723301 84
72400 1
72401 72
724300 2
724301 63
72500 8
72501 60
725300 9
725301 54
72600 9
72601 51
726300 12
726301 49
72700 26
72701 41
727300 27
727301 33
72800 39
72801 27
728300 68
728301 13
72900 73
72901 11
729300 76
729301 8
721000 91
721001 7
7210300 96
7210301 5
721100 99
721101 4
7211300 99
7211301 3
731200 1
731201 99
7312300 1
7312301 99
73100 1
73101 97
731300 1
731301 96
73200 1
73201 93
732300 1
732301 91
73300 1
73301 87
733300 1
733301 84
73400 1
73401 72
734300 2
734301 63
73500 8
73501 60
735300 9
735301 54
73600 9
73601 51
736300 12
736301 49
73700 26
73701 41
737300 27
737301 33
73800 39
73801 27
738300 68
738301 13
73900 73
73901 11
739300 76
739301 8
731000 91
731001 7
7310300 96
7310301 5
731100 99
731101 4
7311300 99
7311301 3
741200 1
741201 99
7412300 1
7412301 99
74100 1
74101 97
741300 1
741301 96
74200 1
74201 93
742300 1
742301 91
74300 1
74301 87
743300 1
743301 84
74400 1
74401 72
744300 2
744301 63
74500 8
74501 60
745300 9
745301 54
74600 9
74601 51
746300 12
746301 49
74700 26
74701 41
747300 27
747301 33
74800 39
74801 27
748300 68
748301 13
74900 73
74901 11
749300 76
749301 8
741000 91
741001 7
7410300 96
7410301 5
741100 99
741101 4
7411300 99
7411301 3
751200 1
751201 99
7512300 1
7512301 99
75100 1
75101 97
751300 1
751301 96
75200 1
75201 93
752300 1
752301 91
75300 1
75301 87
753300 1
753301 84
75400 1
75401 72
754300 2
754301 63
75500 8
75501 60
755300 9
755301 54
75600 9
75601 51
756300 12
756301 49
75700 26
75701 41
757300 27
757301 33
75800 39
75801 27
758300 68
758301 13
75900 73
75901 11
759300 76
759301 8
751000 91
751001 7
7510300 96
7510301 5
751100 99
751101 4
7511300 99
7511301 3
761200 1
761201 99
7612300 1
7612301 99
76100 1
76101 97
761300 1
761301 96
76200 1
76201 93
762300 1
762301 91
76300 1
76301 87
763300 1
763301 84
76400 1
76401 72
764300 2
764301 63
76500 8
76501 60
765300 9
765301 54
76600 9
76601 51
766300 12
766301 49
76700 26
76701 41
767300 27
767301 33
76800 39
76801 27
768300 68
768301 13
76900 73
76901 11
769300 76
769301 8
761000 91
761001 7
7610300 96
7610301 5
761100 99
761101 4
7611300 99
7611301 3
771200 1
771201 99
7712300 1
7712301 99
77100 1
77101 97
771300 1
771301 96
77200 1
77201 93
772300 1
772301 91
77300 1
77301 87
773300 1
773301 84
77400 1
77401 72
774300 2
774301 63
77500 8
77501 60
775300 9
775301 54
77600 9
77601 51
776300 12
776301 49
77700 26
77701 41
777300 27
777301 33
77800 39
77801 27
778300 68
778301 13
77900 73
77901 11
779300 76
779301 8
771000 91
771001 7
7710300 96
7710301 5
771100 99
771101 4
7711300 99
7711301 3
811200 1
811201 99
8112300 1
8112301 99
81100 1
81101 97
811300 1
811301 96
81200 1
81201 93
812300 1
812301 91
81300 1
81301 87
813300 1
813301 84
81400 1
81401 72
814300 2
814301 63
81500 8
81501 60
815300 9
815301 54
81600 9
81601 51
816300 12
816301 49
81700 26
81701 41
817300 27
817301 33
81800 39
81801 27
818300 68
818301 13
81900 73
81901 11
819300 76
819301 8
811000 91
811001 7
8110300 96
8110301 5
811100 99
811101 4
8111300 99
8111301 3
821200 1
821201 99
8212300 1
8212301 99
82100 1
82101 97
821300 1
821301 96
82200 1
82201 93
822300 1
822301 91
82300 1
82301 87
823300 1
823301 84
82400 1
82401 72
824300 2
824301 63
82500 8
82501 60
825300 9
825301 54
82600 9
82601 51
826300 12
826301 49
82700 26
82701 41
827300 27
827301 33
82800 39
82801 27
828300 68
828301 13
82900 73
82901 11
829300 76
829301 8
821000 91
821001 7
8210300 96
8210301 5
821100 99
821101 4
8211300 99
8211301 3
831200 1
831201 99
8312300 1
8312301 99
83100 1
83101 97
831300 1
831301 96
83200 1
83201 93
832300 1
832301 91
83300 1
83301 87
833300 1
833301 84
83400 1
83401 72
834300 2
834301 63
83500 8
83501 60
835300 9
835301 54
83600 9
83601 51
836300 12
836301 49
83700 26
83701 41
837300 27
837301 33
83800 39
83801 27
838300 68
838301 13
83900 73
83901 11
839300 76
839301 8
831000 91
831001 7
8310300 96
8310301 5
831100 99
831101 4
8311300 99
8311301 3
841200 1
841201 99
8412300 1
8412301 99
84100 1
84101 97
841300 1
841301 96
84200 1
84201 93
842300 1
842301 91
84300 1
84301 87
843300 1
843301 84
84400 1
84401 72
844300 2
844301 63
84500 8
84501 60
845300 9
845301 54
84600 9
84601 51
846300 12
846301 49
84700 26
84701 41
847300 27
847301 33
84800 39
84801 27
848300 68
848301 13
84900 73
84901 11
849300 76
849301 8
841000 91
841001 7
8410300 96
8410301 5
841100 99
841101 4
8411300 99
8411301 3
851200 1
851201 99
8512300 1
8512301 99
85100 1
85101 97
851300 1
851301 96
85200 1
85201 93
852300 1
852301 91
85300 1
85301 87
853300 1
853301 84
85400 1
85401 72
854300 2
854301 63
85500 8
85501 60
855300 9
855301 54
85600 9
85601 51
856300 12
856301 49
85700 26
85701 41
857300 27
857301 33
85800 39
85801 27
858300 68
858301 13
85900 73
85901 11
859300 76
859301 8
851000 91
851001 7
8510300 96
8510301 5
851100 99
851101 4
8511300 99
8511301 3
861200 1
861201 99
8612300 1
8612301 99
86100 1
86101 97
861300 1
861301 96
86200 1
86201 93
862300 1
862301 91
86300 1
86301 87
863300 1
863301 84
86400 1
86401 72
864300 2
864301 63
86500 8
86501 60
865300 9
865301 54
86600 9
86601 51
866300 12
866301 49
86700 26
86701 41
867300 27
867301 33
86800 39
86801 27
868300 68
868301 13
86900 73
86901 11
869300 76
869301 8
861000 91
861001 7
8610300 96
8610301 5
861100 99
861101 4
8611300 99
8611301 3
871200 1
871201 99
8712300 1
8712301 99
87100 1
87101 97
871300 1
871301 96
87200 1
87201 93
872300 1
872301 91
87300 1
87301 87
873300 1
873301 84
87400 1
87401 72
874300 2
874301 63
87500 8
87501 60
875300 9
875301 54
87600 9
87601 51
876300 12
876301 49
87700 26
87701 41
877300 27
877301 33
87800 39
87801 27
878300 68
878301 13
87900 73
87901 11
879300 76
879301 8
871000 91
871001 7
8710300 96
8710301 5
871100 99
871101 4
8711300 99
8711301 3
911200 1
911201 99
9112300 1
9112301 99
91100 1
91101 97
911300 1
911301 96
91200 1
91201 93
912300 1
912301 91
91300 1
91301 87
913300 1
913301 84
91400 1
91401 72
914300 2
914301 63
91500 8
91501 60
915300 9
915301 54
91600 9
91601 51
916300 12
916301 49
91700 26
91701 41
917300 27
917301 33
91800 39
91801 27
918300 68
918301 13
91900 73
91901 11
919300 76
919301 8
911000 91
911001 7
9110300 96
9110301 5
911100 99
911101 4
9111300 99
9111301 3
921200 1
921201 99
9212300 1
9212301 99
92100 1
92101 97
921300 1
921301 96
92200 1
92201 93
922300 1
922301 91
92300 1
92301 87
923300 1
923301 84
92400 1
92401 72
924300 2
924301 63
92500 8
92501 60
925300 9
925301 54
92600 9
92601 51
926300 12
926301 49
92700 26
92701 41
927300 27
927301 33
92800 39
92801 27
928300 68
928301 13
92900 73
92901 11
929300 76
929301 8
921000 91
921001 7
9210300 96
9210301 5
921100 99
921101 4
9211300 99
9211301 3
931200 1
931201 99
9312300 1
9312301 99
93100 1
93101 97
931300 1
931301 96
93200 1
93201 93
932300 1
932301 91
93300 1
93301 87
933300 1
933301 84
93400 1
93401 72
934300 2
934301 63
93500 8
93501 60
935300 9
935301 54
93600 9
93601 51
936300 12
936301 49
93700 26
93701 41
937300 27
937301 33
93800 39
93801 27
938300 68
938301 13
93900 73
93901 11
939300 76
939301 8
931000 91
931001 7
9310300 96
9310301 5
931100 99
931101 4
9311300 99
9311301 3
941200 1
941201 99
9412300 1
9412301 99
94100 1
94101 97
941300 1
941301 96
94200 1
94201 93
942300 1
942301 91
94300 1
94301 87
943300 1
943301 84
94400 1
94401 72
944300 2
944301 63
94500 8
94501 60
945300 9
945301 54
94600 9
94601 51
946300 12
946301 49
94700 26
94701 41
947300 27
947301 33
94800 39
94801 27
948300 68
948301 13
94900 73
94901 11
949300 76
949301 8
941000 91
941001 7
9410300 96
9410301 5
941100 99
941101 4
9411300 99
9411301 3
951200 1
951201 99
9512300 1
9512301 99
95100 1
95101 97
951300 1
951301 96
95200 1
95201 93
952300 1
952301 91
95300 1
95301 87
953300 1
953301 84
95400 1
95401 72
954300 2
954301 63
95500 8
95501 60
955300 9
955301 54
95600 9
95601 51
956300 12
956301 49
95700 26
95701 41
957300 27
957301 33
95800 39
95801 27
958300 68
958301 13
95900 73
95901 11
959300 76
959301 8
951000 91
951001 7
9510300 96
9510301 5
951100 99
951101 4
9511300 99
9511301 3
961200 1
961201 99
9612300 1
9612301 99
96100 1
96101 97
961300 1
961301 96
96200 1
96201 93
962300 1
962301 91
96300 1
96301 87
963300 1
963301 84
96400 1
96401 72
964300 2
964301 63
96500 8
96501 60
965300 9
965301 54
96600 9
96601 51
966300 12
966301 49
96700 26
96701 41
967300 27
967301 33
96800 39
96801 27
968300 68
968301 13
96900 73
96901 11
969300 76
969301 8
961000 91
961001 7
9610300 96
9610301 5
961100 99
961101 4
9611300 99
9611301 3
971200 1
971201 99
9712300 1
9712301 99
97100 1
97101 97
971300 1
971301 96
97200 1
97201 93
972300 1
972301 91
97300 1
97301 87
973300 1
973301 84
97400 1
97401 72
974300 2
974301 63
97500 8
97501 60
975300 9
975301 54
97600 9
97601 51
976300 12
976301 49
97700 26
97701 41
977300 27
977301 33
97800 39
97801 27
978300 68
978301 13
97900 73
97901 11
979300 76
979301 8
971000 91
971001 7
9710300 96
9710301 5
971100 99
971101 4
9711300 99
9711301 3
1011200 1
1011201 99
10112300 1
10112301 99
101100 1
101101 97
1011300 1
1011301 96
101200 1
101201 93
1012300 1
1012301 91
101300 1
101301 87
1013300 1
1013301 84
101400 1
101401 72
1014300 2
1014301 63
101500 8
101501 60
1015300 9
1015301 54
101600 9
101601 51
1016300 12
1016301 49
101700 26
101701 41
1017300 27
1017301 33
101800 39
101801 27
1018300 68
1018301 13
101900 73
101901 11
1019300 76
1019301 8
1011000 91
1011001 7
10110300 96
10110301 5
1011100 99
1011101 4
10111300 99
10111301 3
1021200 1
1021201 99
10212300 1
10212301 99
102100 1
102101 97
1021300 1
1021301 96
102200 1
102201 93
1022300 1
1022301 91
102300 1
102301 87
1023300 1
1023301 84
102400 1
102401 72
1024300 2
1024301 63
102500 8
102501 60
1025300 9
1025301 54
102600 9
102601 51
1026300 12
1026301 49
102700 26
102701 41
1027300 27
1027301 33
102800 39
102801 27
1028300 68
1028301 13
102900 73
102901 11
1029300 76
1029301 8
1021000 91
1021001 7
10210300 96
10210301 5
1021100 99
1021101 4
10211300 99
10211301 3
1031200 1
1031201 99
10312300 1
10312301 99
103100 1
103101 97
1031300 1
1031301 96
103200 1
103201 93
1032300 1
1032301 91
103300 1
103301 87
1033300 1
1033301 84
103400 1
103401 72
1034300 2
1034301 63
103500 8
103501 60
1035300 9
1035301 54
103600 9
103601 51
1036300 12
1036301 49
103700 26
103701 41
1037300 27
1037301 33
103800 39
103801 27
1038300 68
1038301 13
103900 73
103901 11
1039300 76
1039301 8
1031000 91
1031001 7
10310300 96
10310301 5
1031100 99
1031101 4
10311300 99
10311301 3
1041200 1
1041201 99
10412300 1
10412301 99
104100 1
104101 97
1041300 1
1041301 96
104200 1
104201 93
1042300 1
1042301 91
104300 1
104301 87
1043300 1
1043301 84
104400 1
104401 72
1044300 2
1044301 63
104500 8
104501 60
1045300 9
1045301 54
104600 9
104601 51
1046300 12
1046301 49
104700 26
104701 41
1047300 27
1047301 33
104800 39
104801 27
1048300 68
1048301 13
104900 73
104901 11
1049300 76
1049301 8
1041000 91
1041001 7
10410300 96
10410301 5
1041100 99
1041101 4
10411300 99
10411301 3
1051200 1
1051201 99
10512300 1
10512301 99
105100 1
105101 97
1051300 1
1051301 96
105200 1
105201 93
1052300 1
1052301 91
105300 1
105301 87
1053300 1
1053301 84
105400 1
105401 72
1054300 2
1054301 63
105500 8
105501 60
1055300 9
1055301 54
105600 9
105601 51
1056300 12
1056301 49
105700 26
105701 41
1057300 27
1057301 33
105800 39
105801 27
1058300 68
1058301 13
105900 73
105901 11
1059300 76
1059301 8
1051000 91
1051001 7
10510300 96
10510301 5
1051100 99
1051101 4
10511300 99
10511301 3
1061200 1
1061201 99
10612300 1
10612301 99
106100 1
106101 97
1061300 1
1061301 96
106200 1
106201 93
1062300 1
1062301 91
106300 1
106301 87
1063300 1
1063301 84
106400 1
106401 72
1064300 2
1064301 63
106500 8
106501 60
1065300 9
1065301 54
106600 9
106601 51
1066300 12
1066301 49
106700 26
106701 41
1067300 27
1067301 33
106800 39
106801 27
1068300 68
1068301 13
106900 73
106901 11
1069300 76
1069301 8
1061000 91
1061001 7
10610300 96
10610301 5
1061100 99
1061101 4
10611300 99
10611301 3
1071200 1
1071201 99
10712300 1
10712301 99
107100 1
107101 97
1071300 1
1071301 96
107200 1
107201 93
1072300 1
1072301 91
107300 1
107301 87
1073300 1
1073301 84
107400 1
107401 72
1074300 2
1074301 63
107500 8
107501 60
1075300 9
1075301 54
107600 9
107601 51
1076300 12
1076301 49
107700 26
107701 41
1077300 27
1077301 33
107800 39
107801 27
1078300 68
1078301 13
107900 73
107901 11
1079300 76
1079301 8
1071000 91
1071001 7
10710300 96
10710301 5
1071100 99
1071101 4
10711300 99
10711301 3
1111200 1
1111201 99
11112300 1
11112301 99
111100 1
111101 97
1111300 1
1111301 96
111200 1
111201 93
1112300 1
1112301 91
111300 1
111301 87
1113300 1
1113301 84
111400 1
111401 72
1114300 2
1114301 63
111500 8
111501 60
1115300 9
1115301 54
111600 9
111601 51
1116300 12
1116301 49
111700 26
111701 41
1117300 27
1117301 33
111800 39
111801 27
1118300 68
1118301 13
111900 73
111901 11
1119300 76
1119301 8
1111000 91
1111001 7
11110300 96
11110301 5
1111100 99
1111101 4
11111300 99
11111301 3
1121200 1
1121201 99
11212300 1
11212301 99
112100 1
112101 97
1121300 1
1121301 96
112200 1
112201 93
1122300 1
1122301 91
112300 1
112301 87
1123300 1
1123301 84
112400 1
112401 72
1124300 2
1124301 63
112500 8
112501 60
1125300 9
1125301 54
112600 9
112601 51
1126300 12
1126301 49
112700 26
112701 41
1127300 27
1127301 33
112800 39
112801 27
1128300 68
1128301 13
112900 73
112901 11
1129300 76
1129301 8
1121000 91
1121001 7
11210300 96
11210301 5
1121100 99
1121101 4
11211300 99
11211301 3
1131200 1
1131201 99
11312300 1
11312301 99
113100 1
113101 97
1131300 1
1131301 96
113200 1
113201 93
1132300 1
1132301 91
113300 1
113301 87
1133300 1
1133301 84
113400 1
113401 72
1134300 2
1134301 63
113500 8
113501 60
1135300 9
1135301 54
113600 9
113601 51
1136300 12
1136301 49
113700 26
113701 41
1137300 27
1137301 33
113800 39
113801 27
1138300 68
1138301 13
113900 73
113901 11
1139300 76
1139301 8
1131000 91
1131001 7
11310300 96
11310301 5
1131100 99
1131101 4
11311300 99
11311301 3
1141200 1
1141201 99
11412300 1
11412301 99
114100 1
114101 97
1141300 1
1141301 96
114200 1
114201 93
1142300 1
1142301 91
114300 1
114301 87
1143300 1
1143301 84
114400 1
114401 72
1144300 2
1144301 63
114500 8
114501 60
1145300 9
1145301 54
114600 9
114601 51
1146300 12
1146301 49
114700 26
114701 41
1147300 27
1147301 33
114800 39
114801 27
1148300 68
1148301 13
114900 73
114901 11
1149300 76
1149301 8
1141000 91
1141001 7
11410300 96
11410301 5
1141100 99
1141101 4
11411300 99
11411301 3
1151200 1
1151201 99
11512300 1
11512301 99
115100 1
115101 97
1151300 1
1151301 96
115200 1
115201 93
1152300 1
1152301 91
115300 1
115301 87
1153300 1
1153301 84
115400 1
115401 72
1154300 2
1154301 63
115500 8
115501 60
1155300 9
1155301 54
115600 9
115601 51
1156300 12
1156301 49
115700 26
115701 41
1157300 27
1157301 33
115800 39
115801 27
1158300 68
1158301 13
115900 73
115901 11
1159300 76
1159301 8
1151000 91
1151001 7
11510300 96
11510301 5
1151100 99
1151101 4
11511300 99
11511301 3
1161200 1
1161201 99
11612300 1
11612301 99
116100 1
116101 97
1161300 1
1161301 96
116200 1
116201 93
1162300 1
1162301 91
116300 1
116301 87
1163300 1
1163301 84
116400 1
116401 72
1164300 2
1164301 63
116500 8
116501 60
1165300 9
1165301 54
116600 9
116601 51
1166300 12
1166301 49
116700 26
116701 41
1167300 27
1167301 33
116800 39
116801 27
1168300 68
1168301 13
116900 73
116901 11
1169300 76
1169301 8
1161000 91
1161001 7
11610300 96
11610301 5
1161100 99
1161101 4
11611300 99
11611301 3
1171200 1
1171201 99
11712300 1
11712301 99
117100 1
117101 97
1171300 1
1171301 96
117200 1
117201 93
1172300 1
1172301 91
117300 1
117301 87
1173300 1
1173301 84
117400 1
117401 72
1174300 2
1174301 63
117500 8
117501 60
1175300 9
1175301 54
117600 9
117601 51
1176300 12
1176301 49
117700 26
117701 41
1177300 27
1177301 33
117800 39
117801 27
1178300 68
1178301 13
117900 73
117901 11
1179300 76
1179301 8
1171000 91
1171001 7
11710300 96
11710301 5
1171100 99
1171101 4
11711300 99
11711301 3
