011200 5
011201 99
0112300 1
0112301 94
01100 7
01101 99
011300 1
011301 86
01200 1
01201 99
012300 1
012301 93
01300 6
01301 90
013300 10
013301 93
01400 1
01401 65
014300 5
014301 67
01500 6
01501 54
015300 3
015301 55
01600 11
01601 50
016300 9
016301 56
01700 18
01701 33
017300 30
017301 33
01800 48
01801 29
018300 59
018301 21
01900 75
01901 12
019300 75
019301 5
011000 89
011001 5
0110300 99
0110301 1
011100 92
011101 1
0111300 96
0111301 1
021200 9
021201 99
0212300 6
0212301 93
02100 10
02101 99
021300 2
021301 97
02200 8
02201 90
022300 1
022301 82
02300 6
02301 83
023300 1
023301 80
02400 1
02401 70
024300 9
024301 59
02500 10
02501 55
025300 5
025301 56
02600 2
02601 56
026300 21
026301 40
02700 21
02701 34
027300 18
027301 24
02800 45
02801 36
028300 71
028301 20
02900 78
02901 20
029300 83
029301 10
021000 97
021001 11
0210300 99
0210301 5
021100 98
021101 1
0211300 94
0211301 1
031200 1
031201 92
0312300 7
0312301 99
03100 1
03101 92
031300 10
031301 99
03200 1
03201 99
032300 1
032301 94
03300 1
03301 84
033300 9
033301 87
03400 1
03401 71
034300 8
034301 55
03500 7
03501 60
035300 8
035301 46
03600 13
03601 45
036300 6
036301 51
03700 16
03701 43
037300 23
037301 36
03800 39
03801 18
038300 73
038301 11
03900 79
03901 19
039300 67
039301 3
031000 85
031001 6
0310300 99
0310301 10
031100 95
031101 5
0311300 99
0311301 1
041200 1
041201 98
0412300 1
0412301 99
04100 5
04101 93
041300 1
041301 90
04200 7
04201 89
042300 1
042301 94
04300 1
04301 79
043300 5
043301 75
04400 7
04401 71
044300 5
044301 71
04500 13
04501 51
045300 13
045301 47
04600 16
04601 51
046300 15
046301 47
04700 35
04701 44
047300 24
047301 40
04800 46
04801 24
048300 74
048301 9
04900 78
04901 12
049300 78
049301 10
041000 81
041001 1
0410300 86
0410301 4
041100 98
041101 5
0411300 94
0411301 1
051200 1
051201 91
0512300 1
0512301 91
05100 1
05101 99
051300 1
051301 95
05200 1
05201 91
052300 1
052301 88
05300 1
05301 78
053300 1
053301 78
05400 9
05401 70
054300 1
054301 70
05500 14
05501 62
055300 8
055301 45
05600 3
05601 45
056300 7
056301 45
05700 30
05701 35
057300 21
057301 23
05800 37
05801 23
058300 68
058301 10
05900 76
05901 1
059300 70
059301 4
051000 89
051001 3
0510300 91
0510301 9
051100 91
051101 1
0511300 91
0511301 1
061200 1
061201 99
0612300 1
0612301 99
06100 2
06101 95
061300 9
061301 96
06200 3
06201 98
062300 4
062301 88
06300 1
06301 93
063300 1
063301 75
06400 6
06401 67
064300 4
064301 58
06500 7
06501 62
065300 5
065301 49
06600 9
06601 54
066300 19
066301 54
06700 19
06701 34
067300 23
067301 29
06800 41
06801 30
068300 74
068301 14
06900 68
06901 16
069300 81
069301 4
061000 92
061001 13
0610300 89
0610301 1
061100 89
061101 3
0611300 99
0611301 1
071200 1
071201 99
0712300 5
0712301 99
07100 1
07101 93
071300 6
071301 90
07200 1
07201 85
072300 1
072301 98
07300 4
07301 86
073300 9
073301 89
07400 7
07401 81
074300 2
074301 72
07500 1
07501 62
075300 12
075301 45
07600 17
07601 49
076300 20
076301 39
07700 28
07701 49
077300 19
077301 33
07800 40
07801 26
078300 67
078301 20
07900 74
07901 14
079300 68
079301 1
071000 87
071001 14
0710300 99
0710301 5
071100 93
071101 12
0711300 99
0711301 1
111200 1
111201 99
1112300 5
1112301 99
11100 1
11101 97
111300 1
111301 99
11200 10
11201 86
112300 1
112301 81
11300 1
11301 78
113300 7
113301 84
11400 4
11401 71
114300 3
114301 70
11500 17
11501 68
115300 1
115301 48
11600 3
11601 41
116300 4
116301 49
11700 30
11701 42
117300 24
117301 25
11800 43
11801 30
118300 65
118301 17
11900 78
11901 9
119300 85
119301 6
111000 82
111001 14
1110300 90
1110301 11
111100 99
111101 5
1111300 99
1111301 4
121200 6
121201 99
1212300 1
1212301 97
12100 1
12101 88
121300 1
121301 94
12200 3
12201 99
122300 1
122301 81
12300 1
12301 80
123300 1
123301 75
12400 9
12401 72
124300 10
124301 72
12500 16
12501 69
125300 4
125301 62
12600 13
12601 49
126300 18
126301 51
12700 29
12701 49
127300 19
127301 39
12800 30
12801 30
128300 73
128301 3
12900 74
12901 17
129300 72
129301 15
121000 89
121001 11
1210300 99
1210301 5
121100 90
121101 10
1211300 99
1211301 2
131200 9
131201 99
1312300 1
1312301 95
13100 6
13101 99
131300 1
131301 99
13200 1
13201 99
132300 1
132301 98
13300 1
13301 87
133300 1
133301 92
13400 4
13401 71
134300 9
134301 56
13500 17
13501 53
135300 3
135301 58
13600 10
13601 41
136300 3
136301 51
13700 26
13701 40
137300 34
137301 40
13800 41
13801 17
138300 59
138301 16
13900 63
13901 1
139300 80
139301 14
131000 88
131001 8
1310300 99
1310301 6
131100 99
131101 1
1311300 99
1311301 1
141200 9
141201 96
1412300 6
1412301 99
14100 1
14101 99
141300 4
141301 87
14200 6
14201 91
142300 8
142301 97
14300 6
14301 79
143300 10
143301 89
14400 1
14401 69
144300 1
144301 58
14500 16
14501 65
145300 16
145301 53
14600 16
14601 55
146300 11
146301 40
14700 17
14701 40
147300 20
147301 35
14800 42
14801 36
148300 64
148301 15
14900 74
14901 14
149300 76
149301 5
141000 99
141001 3
1410300 88
1410301 1
141100 99
141101 13
1411300 99
1411301 5
151200 1
151201 99
1512300 1
1512301 98
15100 1
15101 99
151300 5
151301 95
15200 1
15201 87
152300 4
152301 89
15300 1
15301 81
153300 1
153301 81
15400 8
15401 77
154300 10
154301 70
15500 11
15501 59
155300 15
155301 57
15600 18
15601 57
156300 17
156301 44
15700 32
15701 38
157300 18
157301 27
15800 33
15801 20
158300 77
158301 6
15900 77
15901 18
159300 73
159301 2
151000 91
151001 1
1510300 99
1510301 3
151100 92
151101 1
1511300 99
1511301 1
161200 1
161201 99
1612300 3
1612301 99
16100 1
16101 88
161300 7
161301 97
16200 10
16201 97
162300 1
162301 94
16300 1
16301 87
163300 3
163301 78
16400 1
16401 73
164300 7
164301 61
16500 17
16501 59
165300 13
165301 54
16600 2
16601 48
166300 4
166301 47
16700 35
16701 34
167300 20
167301 31
16800 30
16801 35
168300 62
168301 3
16900 78
16901 6
169300 72
169301 1
161000 82
161001 1
1610300 99
1610301 1
161100 98
161101 1
1611300 99
1611301 11
171200 1
171201 99
1712300 1
1712301 99
17100 1
17101 99
171300 1
171301 86
17200 3
17201 99
172300 5
172301 81
17300 8
17301 82
173300 1
173301 91
17400 1
17401 72
174300 7
174301 63
17500 1
17501 62
175300 1
175301 61
17600 5
17601 53
176300 2
176301 56
17700 18
17701 48
177300 18
177301 41
17800 36
17801 18
178300 62
178301 15
17900 74
17901 5
179300 75
179301 8
171000 83
171001 13
1710300 96
1710301 9
171100 99
171101 5
1711300 99
1711301 4
211200 5
211201 99
2112300 1
2112301 99
21100 1
21101 96
211300 2
211301 99
21200 1
21201 99
212300 1
212301 88
21300 1
21301 82
213300 10
213301 74
21400 1
21401 76
214300 1
214301 64
21500 8
21501 54
215300 6
215301 48
21600 9
21601 43
216300 9
216301 47
21700 35
21701 32
217300 25
217301 25
21800 31
21801 36
218300 59
218301 7
21900 68
21901 3
219300 70
219301 9
211000 92
211001 1
2110300 99
2110301 1
211100 99
211101 1
2111300 99
2111301 4
221200 2
221201 99
2212300 9
2212301 99
22100 1
22101 94
221300 1
221301 86
22200 6
22201 84
222300 1
222301 91
22300 1
22301 93
223300 1
223301 76
22400 6
22401 80
224300 1
224301 56
22500 12
22501 65
225300 6
225301 53
22600 17
22601 47
226300 9
226301 53
22700 22
22701 50
227300 33
227301 38
22800 45
22801 32
228300 58
228301 4
22900 69
22901 16
229300 70
229301 1
221000 99
221001 3
2210300 95
2210301 10
221100 94
221101 10
2211300 99
2211301 1
231200 1
231201 99
2312300 1
2312301 96
23100 5
23101 99
231300 1
231301 88
23200 3
23201 98
232300 1
232301 86
23300 8
23301 89
233300 1
233301 81
23400 8
23401 78
234300 6
234301 70
23500 11
23501 60
235300 4
235301 61
23600 1
23601 41
236300 8
236301 47
23700 27
23701 40
237300 21
237301 37
23800 47
23801 25
238300 62
238301 14
23900 72
23901 10
239300 84
239301 1
231000 87
231001 10
2310300 99
2310301 1
231100 98
231101 5
2311300 99
2311301 1
241200 1
241201 96
2412300 6
2412301 99
24100 1
24101 98
241300 1
241301 96
24200 1
24201 94
242300 1
242301 95
24300 10
24301 90
243300 1
243301 74
24400 1
24401 79
244300 6
244301 59
24500 8
24501 50
245300 2
245301 52
24600 2
24601 54
246300 17
246301 57
24700 27
24701 32
247300 22
247301 29
24800 40
24801 29
248300 60
248301 8
24900 64
24901 8
249300 76
249301 5
241000 88
241001 1
2410300 86
2410301 3
241100 99
241101 8
2411300 99
2411301 3
251200 1
251201 98
2512300 8
2512301 99
25100 8
25101 94
251300 1
251301 96
25200 1
25201 99
252300 1
252301 95
25300 1
25301 93
253300 1
253301 93
25400 1
25401 74
254300 1
254301 63
25500 7
25501 61
255300 12
255301 63
25600 7
25601 47
256300 12
256301 49
25700 32
25701 37
257300 19
257301 36
25800 32
25801 18
258300 68
258301 6
25900 63
25901 16
259300 81
259301 9
251000 85
251001 8
2510300 93
2510301 3
251100 92
251101 1
2511300 97
2511301 4
261200 9
261201 98
2612300 1
2612301 99
26100 1
26101 99
261300 1
261301 92
26200 1
26201 98
262300 1
262301 99
26300 2
26301 78
263300 4
263301 78
26400 1
26401 78
264300 1
264301 58
26500 14
26501 62
265300 12
265301 61
26600 1
26601 48
266300 16
266301 40
26700 35
26701 50
267300 21
267301 25
26800 39
26801 18
268300 73
268301 7
26900 82
26901 18
269300 71
269301 15
261000 82
261001 1
2610300 86
2610301 12
261100 95
261101 4
2611300 94
2611301 12
271200 8
271201 90
2712300 1
2712301 90
27100 1
27101 90
271300 1
271301 91
27200 1
27201 85
272300 4
272301 91
27300 6
27301 79
273300 8
273301 88
27400 1
27401 79
274300 3
274301 57
27500 1
27501 53
275300 1
275301 55
27600 12
27601 46
276300 17
276301 47
27700 20
27701 34
277300 28
277301 39
27800 38
27801 34
278300 64
278301 7
27900 72
27901 5
279300 85
279301 5
271000 99
271001 6
2710300 89
2710301 1
271100 99
271101 1
2711300 99
2711301 1
311200 1
311201 99
3112300 1
3112301 99
31100 1
31101 96
311300 1
311301 98
31200 1
31201 91
312300 1
312301 99
31300 5
31301 78
313300 2
313301 75
31400 9
31401 80
314300 6
314301 67
31500 9
31501 61
315300 18
315301 58
31600 1
31601 47
316300 15
316301 53
31700 20
31701 43
317300 24
317301 28
31800 48
31801 19
318300 67
318301 20
31900 65
31901 12
319300 79
319301 13
311000 81
311001 7
3110300 99
3110301 1
311100 99
311101 5
3111300 99
3111301 1
321200 3
321201 99
3212300 1
3212301 99
32100 7
32101 88
321300 9
321301 94
32200 6
32201 91
322300 8
322301 81
32300 1
32301 90
323300 1
323301 76
32400 9
32401 71
324300 5
324301 61
32500 17
32501 52
325300 17
325301 60
32600 14
32601 41
326300 18
326301 58
32700 26
32701 48
327300 26
327301 26
32800 32
32801 22
328300 71
328301 6
32900 81
32901 18
329300 82
329301 5
321000 98
321001 4
3210300 89
3210301 1
321100 97
321101 3
3211300 98
3211301 1
331200 10
331201 97
3312300 1
3312301 95
33100 1
33101 87
331300 6
331301 97
33200 5
33201 92
332300 1
332301 98
33300 1
33301 78
333300 1
333301 88
33400 8
33401 68
334300 8
334301 61
33500 5
33501 50
335300 1
335301 52
33600 5
33601 60
336300 5
336301 55
33700 23
33701 45
337300 18
337301 23
33800 31
33801 33
338300 65
338301 15
33900 75
33901 7
339300 71
339301 1
331000 91
331001 2
3310300 93
3310301 7
331100 96
331101 9
3311300 99
3311301 1
341200 4
341201 98
3412300 1
3412301 99
34100 4
34101 91
341300 1
341301 99
34200 1
34201 85
342300 1
342301 98
34300 6
34301 85
343300 1
343301 83
34400 1
34401 64
344300 7
344301 70
34500 13
34501 55
345300 1
345301 51
34600 14
34601 54
346300 19
346301 45
34700 22
34701 50
347300 17
347301 27
34800 34
34801 17
348300 68
348301 14
34900 80
34901 9
349300 77
349301 13
341000 93
341001 8
3410300 96
3410301 1
341100 99
341101 11
3411300 99
3411301 11
351200 5
351201 95
3512300 3
3512301 93
35100 9
35101 99
351300 1
351301 86
35200 9
35201 96
352300 3
352301 95
35300 1
35301 81
353300 6
353301 93
35400 2
35401 70
354300 1
354301 64
35500 4
35501 55
355300 11
355301 49
35600 8
35601 47
356300 4
356301 54
35700 23
35701 42
357300 27
357301 30
35800 43
35801 31
358300 63
358301 9
35900 69
35901 18
359300 68
359301 1
351000 83
351001 5
3510300 99
3510301 1
351100 99
351101 2
3511300 99
3511301 2
361200 1
361201 91
3612300 10
3612301 97
36100 1
36101 89
361300 1
361301 87
36200 1
36201 85
362300 4
362301 95
36300 1
36301 87
363300 5
363301 82
36400 3
36401 64
364300 1
364301 72
36500 1
36501 61
365300 10
365301 62
36600 8
36601 43
366300 2
366301 44
36700 17
36701 46
367300 18
367301 25
36800 48
36801 18
368300 66
368301 22
36900 65
36901 17
369300 79
369301 14
361000 97
361001 2
3610300 99
3610301 1
361100 99
361101 1
3611300 99
3611301 6
371200 1
371201 99
3712300 9
3712301 99
37100 1
37101 87
371300 1
371301 93
37200 3
37201 94
372300 1
372301 98
37300 1
37301 96
373300 1
373301 74
37400 3
37401 71
374300 1
374301 68
37500 1
37501 68
375300 10
375301 57
37600 12
37601 49
376300 21
376301 50
37700 31
37701 42
377300 23
377301 39
37800 40
37801 28
378300 59
378301 7
37900 72
37901 19
379300 69
379301 11
371000 91
371001 14
3710300 92
3710301 10
371100 99
371101 8
3711300 99
3711301 1
411200 7
411201 99
4112300 1
4112301 98
41100 1
41101 97
411300 7
411301 99
41200 8
41201 98
412300 1
412301 96
41300 10
41301 77
413300 7
413301 85
41400 1
41401 72
414300 11
414301 60
41500 1
41501 57
415300 1
415301 52
41600 1
41601 60
416300 20
416301 52
41700 24
41701 34
417300 21
417301 32
41800 42
41801 20
418300 66
418301 9
41900 67
41901 13
419300 70
419301 12
411000 91
411001 1
4110300 91
4110301 1
411100 98
411101 1
4111300 99
4111301 1
421200 1
421201 99
4212300 7
4212301 89
42100 1
42101 99
421300 1
421301 99
42200 1
42201 90
422300 10
422301 93
42300 2
42301 77
423300 2
423301 91
42400 1
42401 75
424300 1
424301 71
42500 11
42501 68
425300 18
425301 59
42600 11
42601 41
426300 18
426301 42
42700 34
42701 31
427300 31
427301 27
42800 37
42801 28
428300 59
428301 3
42900 80
42901 2
429300 71
429301 3
421000 91
421001 8
4210300 99
4210301 8
421100 94
421101 1
4211300 99
4211301 11
431200 8
431201 99
4312300 1
4312301 93
43100 9
43101 99
431300 8
431301 99
43200 1
43201 86
432300 1
432301 99
43300 10
43301 88
433300 8
433301 83
43400 1
43401 66
434300 1
434301 57
43500 4
43501 54
435300 17
435301 46
43600 2
43601 41
436300 19
436301 49
43700 32
43701 33
437300 25
437301 35
43800 34
43801 31
438300 70
438301 14
43900 64
43901 17
439300 81
439301 1
431000 86
431001 9
4310300 99
4310301 1
431100 91
431101 3
4311300 89
4311301 1
441200 4
441201 96
4412300 1
4412301 97
44100 1
44101 99
441300 1
441301 99
44200 1
44201 95
442300 6
442301 89
44300 8
44301 84
443300 1
443301 82
44400 5
44401 73
444300 4
444301 69
44500 17
44501 61
445300 1
445301 62
44600 1
44601 48
446300 21
446301 42
44700 16
44701 46
447300 29
447301 24
44800 37
44801 17
448300 72
448301 13
44900 73
44901 1
449300 66
449301 4
441000 95
441001 1
4410300 96
4410301 7
441100 99
441101 1
4411300 99
4411301 4
451200 1
451201 99
4512300 1
4512301 97
45100 1
45101 92
451300 1
451301 89
45200 1
45201 95
452300 7
452301 95
45300 7
45301 90
453300 5
453301 83
45400 3
45401 65
454300 1
454301 63
45500 16
45501 56
455300 4
455301 63
45600 5
45601 57
456300 12
456301 42
45700 33
45701 34
457300 27
457301 41
45800 37
45801 28
458300 59
458301 12
45900 63
45901 4
459300 66
459301 4
451000 82
451001 4
4510300 99
4510301 1
451100 89
451101 5
4511300 90
4511301 1
461200 1
461201 96
4612300 1
4612301 99
46100 4
46101 99
461300 6
461301 96
46200 1
46201 85
462300 1
462301 99
46300 1
46301 87
463300 4
463301 78
46400 1
46401 71
464300 1
464301 53
46500 1
46501 69
465300 14
465301 56
46600 12
46601 43
466300 11
466301 55
46700 32
46701 47
467300 36
467301 38
46800 38
46801 20
468300 65
468301 16
46900 75
46901 18
469300 84
469301 1
461000 84
461001 7
4610300 89
4610301 1
461100 99
461101 5
4611300 92
4611301 2
471200 1
471201 97
4712300 1
4712301 97
47100 5
47101 99
471300 10
471301 86
47200 5
47201 91
472300 6
472301 88
47300 1
47301 88
473300 1
473301 86
47400 8
47401 80
474300 7
474301 70
47500 13
47501 62
475300 8
475301 47
47600 14
47601 41
476300 2
476301 52
47700 27
47701 33
477300 35
477301 39
47800 48
47801 21
478300 71
478301 3
47900 70
47901 1
479300 76
479301 14
471000 81
471001 12
4710300 99
4710301 7
471100 97
471101 1
4711300 95
4711301 4
511200 1
511201 99
5112300 8
5112301 99
51100 1
51101 99
511300 8
511301 96
51200 1
51201 90
512300 1
512301 83
51300 1
51301 83
513300 1
513301 88
51400 5
51401 65
514300 7
514301 69
51500 11
51501 67
515300 2
515301 48
51600 3
51601 44
516300 11
516301 49
51700 32
51701 45
517300 21
517301 26
51800 31
51801 28
518300 59
518301 14
51900 72
51901 7
519300 80
519301 17
511000 81
511001 15
5110300 99
5110301 8
511100 99
511101 1
5111300 99
5111301 1
521200 1
521201 99
5212300 1
5212301 99
52100 1
52101 97
521300 1
521301 99
52200 1
52201 83
522300 1
522301 83
52300 1
52301 80
523300 1
523301 77
52400 8
52401 74
524300 8
524301 57
52500 10
52501 58
525300 1
525301 57
52600 4
52601 53
526300 12
526301 48
52700 35
52701 46
527300 18
527301 37
52800 45
52801 28
528300 75
528301 5
52900 65
52901 2
529300 66
529301 14
521000 92
521001 3
5210300 90
5210301 1
521100 99
521101 1
5211300 99
5211301 1
531200 1
531201 92
5312300 1
5312301 95
53100 7
53101 99
531300 1
531301 99
53200 1
53201 87
532300 1
532301 82
53300 4
53301 84
533300 2
533301 83
53400 1
53401 71
534300 2
534301 72
53500 3
53501 58
535300 8
535301 48
53600 1
53601 49
536300 9
536301 49
53700 25
53701 38
537300 27
537301 37
53800 38
53801 26
538300 62
538301 12
53900 68
53901 3
539300 67
539301 16
531000 84
531001 1
5310300 99
5310301 4
531100 99
531101 6
5311300 99
5311301 8
541200 4
541201 99
5412300 5
5412301 99
54100 8
54101 88
541300 1
541301 92
54200 1
54201 92
542300 10
542301 86
54300 3
54301 90
543300 1
543301 93
54400 2
54401 79
544300 1
544301 70
54500 2
54501 54
545300 11
545301 53
54600 18
54601 48
546300 20
546301 44
54700 32
54701 33
547300 28
547301 42
54800 44
54801 21
548300 72
548301 5
54900 82
54901 19
549300 78
549301 5
541000 83
541001 15
5410300 88
5410301 1
541100 99
541101 12
5411300 97
5411301 7
551200 1
551201 96
5512300 1
5512301 94
55100 8
55101 99
551300 1
551301 98
55200 8
55201 98
552300 1
552301 99
55300 10
55301 93
553300 6
553301 88
55400 1
55401 69
554300 11
554301 58
55500 4
55501 56
555300 9
555301 58
55600 16
55601 57
556300 11
556301 41
55700 21
55701 31
557300 22
557301 36
55800 34
55801 24
558300 63
558301 7
55900 71
55901 19
559300 69
559301 3
551000 97
551001 1
5510300 88
5510301 7
551100 95
551101 10
5511300 99
5511301 12
561200 1
561201 93
5612300 8
5612301 99
56100 1
56101 99
561300 1
561301 97
56200 3
56201 96
562300 1
562301 81
56300 3
56301 79
563300 7
563301 77
56400 1
56401 80
564300 1
564301 57
56500 7
56501 66
565300 3
565301 45
56600 2
56601 53
566300 10
566301 41
56700 24
56701 44
567300 22
567301 38
56800 37
56801 34
568300 77
568301 12
56900 74
56901 5
569300 85
569301 9
561000 87
561001 4
5610300 93
5610301 9
561100 99
561101 7
5611300 99
5611301 9
571200 1
571201 99
5712300 1
5712301 90
57100 1
57101 97
571300 1
571301 88
57200 1
57201 90
572300 9
572301 99
57300 1
57301 90
573300 1
573301 92
57400 1
57401 78
574300 1
574301 69
57500 1
57501 60
575300 13
575301 46
57600 8
57601 42
576300 12
576301 58
57700 18
57701 36
577300 35
577301 37
57800 48
57801 19
578300 66
578301 11
57900 77
57901 13
579300 78
579301 3
571000 95
571001 14
5710300 92
5710301 10
571100 89
571101 1
5711300 99
5711301 4
611200 7
611201 90
6112300 9
6112301 97
61100 5
61101 87
611300 5
611301 98
61200 6
61201 90
612300 3
612301 96
61300 1
61301 79
613300 1
613301 90
61400 1
61401 78
614300 1
614301 60
61500 2
61501 58
615300 13
615301 46
61600 3
61601 51
616300 17
616301 53
61700 26
61701 40
617300 30
617301 38
61800 40
61801 22
618300 76
618301 18
61900 71
61901 2
619300 67
619301 1
611000 89
611001 6
6110300 94
6110301 1
611100 93
611101 1
6111300 98
6111301 11
621200 1
621201 93
6212300 10
6212301 99
62100 10
62101 99
621300 1
621301 95
62200 1
62201 85
622300 5
622301 81
62300 3
62301 84
623300 4
623301 75
62400 1
62401 68
624300 5
624301 61
62500 11
62501 64
625300 2
625301 57
62600 9
62601 48
626300 17
626301 39
62700 28
62701 38
627300 27
627301 37
62800 45
62801 21
628300 72
628301 22
62900 64
62901 17
629300 79
629301 12
621000 89
621001 1
6210300 91
6210301 1
621100 99
621101 1
6211300 94
6211301 1
631200 1
631201 99
6312300 5
6312301 97
63100 8
63101 99
631300 6
631301 93
63200 1
63201 99
632300 1
632301 81
63300 7
63301 82
633300 5
633301 92
63400 1
63401 64
634300 8
634301 62
63500 1
63501 53
635300 7
635301 55
63600 4
63601 58
636300 20
636301 52
63700 24
63701 39
637300 33
637301 34
63800 32
63801 24
638300 61
638301 15
63900 78
63901 2
639300 72
639301 7
631000 98
631001 2
6310300 95
6310301 14
631100 99
631101 1
6311300 99
6311301 1
641200 1
641201 99
6412300 5
6412301 89
64100 1
64101 98
641300 4
641301 99
64200 1
64201 84
642300 1
642301 96
64300 9
64301 85
643300 4
643301 87
64400 1
64401 72
644300 1
644301 65
64500 11
64501 60
645300 18
645301 44
64600 6
64601 41
646300 17
646301 52
64700 33
64701 50
647300 24
647301 35
64800 36
64801 31
648300 58
648301 14
64900 76
64901 12
649300 76
649301 1
641000 97
641001 13
6410300 99
6410301 3
641100 95
641101 10
6411300 93
6411301 3
651200 8
651201 92
6512300 8
6512301 89
65100 2
65101 95
651300 1
651301 95
65200 10
65201 90
652300 1
652301 85
65300 1
65301 91
653300 10
653301 89
65400 1
65401 75
654300 11
654301 58
65500 15
65501 52
655300 13
655301 59
65600 1
65601 48
656300 5
656301 54
65700 16
65701 32
657300 22
657301 26
65800 42
65801 29
658300 69
658301 12
65900 76
65901 12
659300 80
659301 16
651000 90
651001 14
6510300 94
6510301 9
651100 99
651101 8
6511300 99
6511301 1
661200 1
661201 92
6612300 5
6612301 99
66100 1
66101 96
661300 1
661301 99
66200 4
66201 96
662300 9
662301 85
66300 4
66301 82
663300 3
663301 82
66400 1
66401 78
664300 1
664301 54
66500 8
66501 51
665300 1
665301 59
66600 6
66601 48
666300 2
666301 44
66700 16
66701 38
667300 32
667301 42
66800 48
66801 23
668300 62
668301 10
66900 73
66901 10
669300 66
669301 9
661000 94
661001 1
6610300 99
6610301 1
661100 92
661101 1
6611300 95
6611301 5
671200 4
671201 90
6712300 8
6712301 99
67100 4
67101 99
671300 7
671301 98
67200 8
67201 87
672300 6
672301 99
67300 1
67301 93
673300 1
673301 76
67400 5
67401 79
674300 8
674301 61
67500 7
67501 69
675300 1
675301 61
67600 15
67601 58
676300 21
676301 45
67700 24
67701 45
677300 27
677301 41
67800 31
67801 25
678300 66
678301 11
67900 74
67901 14
679300 69
679301 1
671000 88
671001 1
6710300 99
6710301 1
671100 92
671101 3
6711300 99
6711301 1
711200 1
711201 97
7112300 1
7112301 99
71100 8
71101 99
711300 1
711301 99
71200 1
71201 83
712300 7
712301 87
71300 1
71301 91
713300 1
713301 81
71400 1
71401 71
714300 1
714301 69
71500 2
71501 68
715300 10
715301 52
71600 4
71601 44
716300 9
716301 48
71700 27
71701 48
717300 20
717301 38
71800 30
71801 27
718300 59
718301 22
71900 82
71901 7
719300 67
719301 1
711000 83
711001 1
7110300 97
7110301 1
711100 92
711101 1
7111300 89
7111301 10
721200 9
721201 99
7212300 1
7212301 97
72100 8
72101 99
721300 6
721301 94
72200 1
72201 89
722300 1
722301 83
72300 9
72301 77
723300 1
723301 81
72400 1
72401 62
724300 6
724301 61
72500 1
72501 58
725300 12
725301 56
72600 8
72601 58
726300 9
726301 41
72700 24
72701 43
727300 27
727301 29
72800 41
72801 20
728300 60
728301 13
72900 79
72901 2
729300 80
729301 5
721000 89
721001 3
7210300 99
7210301 1
721100 93
721101 13
7211300 99
7211301 1
731200 5
731201 99
7312300 1
7312301 91
73100 9
73101 90
731300 1
731301 98
73200 8
73201 83
732300 7
732301 95
73300 4
73301 93
733300 1
733301 78
73400 1
73401 81
734300 5
734301 68
73500 14
73501 69
735300 8
735301 56
73600 9
73601 57
736300 19
736301 43
73700 33
73701 40
737300 36
737301 36
73800 43
73801 21
738300 72
738301 21
73900 70
73901 16
739300 71
739301 11
731000 97
731001 7
7310300 99
7310301 10
731100 99
731101 8
7311300 99
7311301 6
741200 1
741201 94
7412300 1
7412301 94
74100 10
74101 99
741300 2
741301 95
74200 1
74201 99
742300 1
742301 81
74300 1
74301 89
743300 7
743301 90
74400 1
74401 67
744300 10
744301 61
74500 1
74501 64
745300 15
745301 53
74600 9
74601 55
746300 9
746301 44
74700 26
74701 40
747300 22
747301 42
74800 35
74801 20
748300 73
748301 6
74900 79
74901 14
749300 74
749301 7
741000 97
741001 1
7410300 99
7410301 14
741100 93
741101 1
7411300 99
7411301 1
751200 8
751201 95
7512300 1
7512301 96
75100 4
75101 99
751300 9
751301 97
75200 1
75201 91
752300 1
752301 84
75300 4
75301 93
753300 1
753301 74
75400 1
75401 75
754300 7
754301 69
75500 15
75501 51
755300 1
755301 46
75600 11
75601 42
756300 4
756301 45
75700 22
75701 48
757300 23
757301 23
75800 42
75801 26
758300 64
758301 21
75900 65
75901 18
759300 77
759301 6
751000 81
751001 2
7510300 96
7510301 1
751100 99
751101 8
7511300 99
7511301 1
761200 5
761201 92
7612300 1
7612301 99
76100 1
76101 91
761300 1
761301 91
76200 1
76201 96
762300 1
762301 96
76300 1
76301 90
763300 10
763301 76
76400 1
76401 78
764300 1
764301 58
76500 2
76501 52
765300 15
765301 47
76600 9
76601 55
766300 18
766301 51
76700 35
76701 45
767300 19
767301 41
76800 45
76801 34
768300 74
768301 8
76900 81
76901 19
769300 83
769301 12
761000 96
761001 5
7610300 99
7610301 1
761100 99
761101 1
7611300 95
7611301 9
771200 1
771201 93
7712300 9
7712301 99
77100 1
77101 97
771300 2
771301 88
77200 1
77201 94
772300 9
772301 94
77300 1
77301 81
773300 5
773301 75
77400 1
77401 64
774300 3
774301 58
77500 11
77501 67
775300 9
775301 59
77600 14
77601 60
776300 5
776301 40
77700 19
77701 44
777300 36
777301 35
77800 36
77801 36
778300 67
778301 4
77900 64
77901 3
779300 74
779301 1
771000 89
771001 4
7710300 95
7710301 2
771100 99
771101 1
7711300 99
7711301 1
811200 1
811201 99
8112300 1
8112301 96
81100 1
81101 97
811300 3
811301 86
81200 2
81201 88
812300 1
812301 83
81300 4
81301 83
813300 6
813301 77
81400 9
81401 67
814300 8
814301 63
81500 1
81501 53
815300 9
815301 46
81600 1
81601 44
816300 19
816301 51
81700 27
81701 44
817300 32
817301 42
81800 40
81801 23
818300 68
818301 19
81900 79
81901 12
819300 82
819301 1
811000 86
811001 12
8110300 99
8110301 1
811100 99
811101 11
8111300 95
8111301 12
821200 1
821201 93
8212300 1
8212301 89
82100 10
82101 99
821300 10
821301 94
82200 1
82201 94
822300 5
822301 98
82300 4
82301 77
823300 2
823301 76
82400 1
82401 81
824300 1
824301 62
82500 12
82501 67
825300 1
825301 47
82600 10
82601 49
826300 15
826301 57
82700 33
82701 49
827300 18
827301 27
82800 34
82801 19
828300 72
828301 13
82900 67
82901 13
829300 76
829301 3
821000 99
821001 3
8210300 95
8210301 1
821100 92
821101 2
8211300 99
8211301 2
831200 3
831201 97
8312300 8
8312301 99
83100 1
83101 87
831300 1
831301 92
83200 1
83201 88
832300 1
832301 82
83300 3
83301 78
833300 1
833301 81
83400 7
83401 73
834300 1
834301 58
83500 7
83501 64
835300 8
835301 58
83600 12
83601 58
836300 8
836301 54
83700 16
83701 34
837300 34
837301 32
83800 38
83801 28
838300 64
838301 7
83900 65
83901 15
839300 68
839301 16
831000 95
831001 16
8310300 92
8310301 12
831100 99
831101 6
8311300 99
8311301 9
841200 1
841201 89
8412300 1
8412301 97
84100 1
84101 97
841300 1
841301 99
84200 1
84201 86
842300 2
842301 81
84300 1
84301 95
843300 1
843301 80
84400 5
84401 77
844300 1
844301 70
84500 10
84501 53
845300 16
845301 47
84600 8
84601 42
846300 12
846301 57
84700 28
84701 46
847300 23
847301 25
84800 40
84801 27
848300 74
848301 6
84900 69
84901 5
849300 81
849301 1
841000 84
841001 6
8410300 99
8410301 1
841100 99
841101 3
8411300 99
8411301 10
851200 3
851201 99
8512300 1
8512301 99
85100 1
85101 94
851300 5
851301 99
85200 2
85201 88
852300 1
852301 90
85300 1
85301 92
853300 1
853301 74
85400 1
85401 69
854300 10
854301 71
85500 3
85501 50
855300 16
855301 62
85600 9
85601 42
856300 16
856301 52
85700 18
85701 32
857300 33
857301 40
85800 37
85801 18
858300 71
858301 11
85900 66
85901 13
859300 80
859301 1
851000 86
851001 5
8510300 87
8510301 13
851100 93
851101 13
8511300 90
8511301 4
861200 6
861201 99
8612300 9
8612301 98
86100 1
86101 89
861300 1
861301 99
86200 1
86201 86
862300 5
862301 91
86300 10
86301 91
863300 9
863301 85
86400 2
86401 75
864300 1
864301 63
86500 11
86501 51
865300 6
865301 45
86600 10
86601 51
866300 18
866301 52
86700 26
86701 49
867300 24
867301 30
86800 34
86801 18
868300 64
868301 13
86900 76
86901 14
869300 82
869301 11
861000 86
861001 9
8610300 89
8610301 1
861100 92
861101 11
8611300 99
8611301 1
871200 4
871201 94
8712300 10
8712301 99
87100 7
87101 99
871300 1
871301 99
87200 10
87201 99
872300 5
872301 97
87300 1
87301 86
873300 9
873301 88
87400 1
87401 65
874300 6
874301 54
87500 1
87501 55
875300 10
875301 62
87600 13
87601 51
876300 14
876301 56
87700 27
87701 32
877300 35
877301 41
87800 34
87801 29
878300 72
878301 7
87900 64
87901 16
879300 80
879301 5
871000 84
871001 15
8710300 86
8710301 1
871100 95
871101 1
8711300 97
8711301 4
911200 9
911201 90
9112300 1
9112301 95
91100 1
91101 94
911300 2
911301 89
91200 9
91201 99
912300 1
912301 93
91300 6
91301 87
913300 1
913301 78
91400 1
91401 80
914300 1
914301 70
91500 15
91501 61
915300 5
915301 47
91600 1
91601 59
916300 10
916301 49
91700 28
91701 44
917300 29
917301 38
91800 35
91801 31
918300 58
918301 16
91900 63
91901 2
919300 71
919301 14
911000 86
911001 1
9110300 95
9110301 1
911100 98
911101 1
9111300 99
9111301 4
921200 5
921201 97
9212300 6
9212301 99
92100 1
92101 98
921300 1
921301 99
92200 1
92201 87
922300 5
922301 96
92300 1
92301 80
923300 1
923301 91
92400 4
92401 75
924300 3
924301 56
92500 6
92501 61
925300 14
925301 59
92600 2
92601 59
926300 7
926301 57
92700 26
92701 45
927300 28
927301 31
92800 39
92801 31
928300 68
928301 19
92900 68
92901 17
929300 78
929301 9
921000 96
921001 14
9210300 99
9210301 14
921100 98
921101 2
9211300 99
9211301 1
931200 7
931201 96
9312300 5
9312301 90
93100 1
93101 88
931300 2
931301 99
93200 1
93201 99
932300 2
932301 90
93300 1
93301 88
933300 10
933301 74
93400 1
93401 74
934300 1
934301 70
93500 2
93501 54
935300 8
935301 57
93600 15
93601 43
936300 10
936301 54
93700 31
93701 40
937300 35
937301 27
93800 38
93801 29
938300 65
938301 20
93900 63
93901 1
939300 83
939301 11
931000 88
931001 3
9310300 90
9310301 1
931100 97
931101 1
9311300 99
9311301 1
941200 1
941201 99
9412300 1
9412301 96
94100 1
94101 99
941300 9
941301 89
94200 1
94201 98
942300 1
942301 99
94300 1
94301 89
943300 10
943301 81
94400 5
94401 75
944300 1
944301 63
94500 2
94501 64
945300 9
945301 61
94600 7
94601 46
946300 21
946301 39
94700 30
94701 38
947300 20
947301 38
94800 30
94801 24
948300 67
948301 8
94900 70
94901 4
949300 85
949301 1
941000 97
941001 8
9410300 99
9410301 11
941100 99
941101 12
9411300 93
9411301 9
951200 3
951201 97
9512300 5
9512301 99
95100 3
95101 90
951300 6
951301 99
95200 9
95201 99
952300 1
952301 94
95300 1
95301 80
953300 3
953301 84
95400 1
95401 65
954300 1
954301 56
95500 13
95501 61
955300 1
955301 50
95600 4
95601 50
956300 6
956301 49
95700 33
95701 37
957300 35
957301 41
95800 46
95801 36
958300 74
958301 5
95900 71
95901 9
959300 85
959301 17
951000 99
951001 13
9510300 86
9510301 13
951100 99
951101 11
9511300 99
9511301 9
961200 9
961201 99
9612300 1
9612301 99
96100 1
96101 92
961300 1
961301 99
96200 5
96201 87
962300 1
962301 86
96300 1
96301 80
963300 7
963301 79
96400 1
96401 81
964300 1
964301 65
96500 7
96501 62
965300 12
965301 46
96600 16
96601 46
966300 7
966301 54
96700 29
96701 35
967300 19
967301 39
96800 45
96801 28
968300 63
968301 11
96900 70
96901 3
969300 83
969301 4
961000 92
961001 13
9610300 91
9610301 8
961100 97
961101 9
9611300 99
9611301 8
971200 7
971201 96
9712300 2
9712301 95
97100 4
97101 95
971300 1
971301 88
97200 1
97201 96
972300 9
972301 91
97300 1
97301 86
973300 6
973301 89
97400 1
97401 63
974300 1
974301 70
97500 17
97501 50
975300 17
975301 46
97600 11
97601 58
976300 2
976301 47
97700 24
97701 34
977300 34
977301 30
97800 30
97801 27
978300 65
978301 16
97900 64
97901 5
979300 70
979301 8
971000 85
971001 15
9710300 99
9710301 6
971100 97
971101 10
9711300 99
9711301 4
1011200 1
1011201 92
10112300 1
10112301 90
101100 10
101101 87
1011300 1
1011301 99
101200 1
101201 92
1012300 5
1012301 94
101300 2
101301 89
1013300 9
1013301 77
101400 6
101401 74
1014300 7
1014301 58
101500 2
101501 51
1015300 1
1015301 63
101600 8
101601 48
1016300 17
1016301 53
101700 23
101701 48
1017300 32
1017301 31
101800 33
101801 18
1018300 60
1018301 11
101900 67
101901 3
1019300 75
1019301 6
1011000 98
1011001 16
10110300 99
10110301 1
1011100 95
1011101 11
10111300 98
10111301 1
1021200 2
1021201 93
10212300 9
10212301 99
102100 2
102101 88
1021300 1
1021301 94
102200 9
102201 83
1022300 1
1022301 99
102300 1
102301 87
1023300 2
1023301 83
102400 7
102401 70
1024300 3
1024301 54
102500 8
102501 57
1025300 15
1025301 49
102600 16
102601 57
1026300 8
1026301 48
102700 22
102701 47
1027300 34
1027301 31
102800 32
102801 34
1028300 60
1028301 10
102900 71
102901 14
1029300 79
1029301 10
1021000 81
1021001 11
10210300 87
10210301 4
1021100 96
1021101 1
10211300 96
10211301 1
1031200 2
1031201 99
10312300 1
10312301 99
103100 10
103101 99
1031300 10
1031301 89
103200 9
103201 90
1032300 4
1032301 88
103300 4
103301 90
1033300 10
1033301 84
103400 1
103401 76
1034300 6
1034301 71
103500 9
103501 69
1035300 18
1035301 62
103600 5
103601 44
1036300 13
1036301 43
103700 18
103701 41
1037300 34
1037301 41
103800 33
103801 32
1038300 76
1038301 15
103900 78
103901 5
1039300 82
1039301 2
1031000 89
1031001 1
10310300 94
10310301 1
1031100 99
1031101 4
10311300 97
10311301 1
1041200 1
1041201 99
10412300 1
10412301 99
104100 1
104101 99
1041300 1
1041301 91
104200 5
104201 88
1042300 1
1042301 92
104300 1
104301 78
1043300 1
1043301 74
104400 8
104401 68
1044300 1
1044301 72
104500 13
104501 53
1045300 17
1045301 60
104600 15
104601 44
1046300 19
1046301 51
104700 30
104701 39
1047300 28
1047301 26
104800 37
104801 32
1048300 64
1048301 18
104900 68
104901 8
1049300 71
1049301 5
1041000 98
1041001 13
10410300 99
10410301 7
1041100 94
1041101 1
10411300 99
10411301 7
1051200 1
1051201 98
10512300 10
10512301 98
105100 6
105101 99
1051300 1
1051301 91
105200 1
105201 98
1052300 3
1052301 92
105300 3
105301 80
1053300 10
1053301 75
105400 1
105401 71
1054300 9
1054301 59
105500 1
105501 56
1055300 17
1055301 44
105600 10
105601 60
1056300 5
1056301 54
105700 24
105701 32
1057300 21
1057301 35
105800 45
105801 18
1058300 74
1058301 21
105900 65
105901 5
1059300 82
1059301 1
1051000 82
1051001 15
10510300 92
10510301 14
1051100 99
1051101 8
10511300 99
10511301 12
1061200 1
1061201 99
10612300 1
10612301 99
106100 5
106101 94
1061300 7
1061301 99
106200 3
106201 96
1062300 1
1062301 85
106300 1
106301 95
1063300 1
1063301 74
106400 5
106401 66
1064300 8
1064301 57
106500 10
106501 61
1065300 1
1065301 45
106600 17
106601 42
1066300 2
1066301 49
106700 28
106701 48
1067300 20
1067301 38
106800 43
106801 30
1068300 76
1068301 13
106900 71
106901 9
1069300 85
1069301 12
1061000 90
1061001 1
10610300 96
10610301 13
1061100 99
1061101 1
10611300 94
10611301 1
1071200 6
1071201 98
10712300 7
10712301 99
107100 1
107101 87
1071300 4
1071301 99
107200 10
107201 94
1072300 2
1072301 91
107300 3
107301 92
1073300 1
1073301 89
107400 2
107401 67
1074300 1
1074301 72
107500 7
107501 55
1075300 4
1075301 44
107600 8
107601 42
1076300 17
1076301 44
107700 35
107701 47
1077300 30
1077301 28
107800 40
107801 32
1078300 71
1078301 20
107900 78
107901 10
1079300 83
1079301 1
1071000 89
1071001 1
10710300 96
10710301 1
1071100 99
1071101 1
10711300 97
10711301 1
1111200 8
1111201 99
11112300 5
11112301 99
111100 1
111101 91
1111300 2
1111301 97
111200 1
111201 90
1112300 1
1112301 93
111300 1
111301 92
1113300 6
1113301 93
111400 1
111401 72
1114300 6
1114301 55
111500 3
111501 53
1115300 10
1115301 51
111600 16
111601 49
1116300 13
1116301 51
111700 35
111701 32
1117300 31
1117301 23
111800 46
111801 17
1118300 60
1118301 6
111900 67
111901 16
1119300 83
1119301 1
1111000 82
1111001 1
11110300 94
11110301 8
1111100 99
1111101 6
11111300 90
11111301 3
1121200 1
1121201 99
11212300 4
11212301 89
112100 1
112101 99
1121300 5
1121301 94
112200 9
112201 93
1122300 8
1122301 94
112300 2
112301 81
1123300 5
1123301 80
112400 1
112401 63
1124300 10
1124301 69
112500 9
112501 61
1125300 8
1125301 51
112600 11
112601 57
1126300 16
1126301 53
112700 25
112701 48
1127300 31
1127301 23
112800 29
112801 31
1128300 60
1128301 15
112900 75
112901 6
1129300 70
1129301 14
1121000 99
1121001 16
11210300 86
11210301 14
1121100 99
1121101 3
11211300 89
11211301 4
1131200 1
1131201 99
11312300 1
11312301 99
113100 1
113101 99
1131300 1
1131301 94
113200 1
113201 87
1132300 9
1132301 89
113300 5
113301 90
1133300 3
1133301 81
113400 5
113401 72
1134300 1
1134301 69
113500 3
113501 51
1135300 12
1135301 47
113600 14
113601 54
1136300 2
1136301 52
113700 31
113701 33
1137300 28
1137301 37
113800 47
113801 19
1138300 69
1138301 15
113900 63
113901 2
1139300 78
1139301 1
1131000 97
1131001 3
11310300 87
11310301 1
1131100 99
1131101 6
11311300 99
11311301 12
1141200 1
1141201 91
11412300 1
11412301 98
114100 1
114101 98
1141300 2
1141301 88
114200 1
114201 98
1142300 5
1142301 98
114300 1
114301 83
1143300 1
1143301 74
114400 1
114401 65
1144300 1
1144301 55
114500 1
114501 66
1145300 1
1145301 48
114600 13
114601 56
1146300 15
1146301 53
114700 23
114701 34
1147300 27
1147301 24
114800 43
114801 36
1148300 70
1148301 20
114900 70
114901 13
1149300 75
1149301 1
1141000 97
1141001 15
11410300 98
11410301 12
1141100 98
1141101 12
11411300 99
11411301 5
1151200 7
1151201 99
11512300 1
11512301 99
115100 1
115101 94
1151300 1
1151301 91
115200 1
115201 95
1152300 1
1152301 99
115300 1
115301 93
1153300 8
1153301 78
115400 1
115401 68
1154300 11
1154301 59
115500 1
115501 63
1155300 7
1155301 57
115600 7
115601 50
1156300 11
1156301 44
115700 32
115701 42
1157300 18
1157301 32
115800 29
115801 27
1158300 60
1158301 8
115900 71
115901 6
1159300 81
1159301 16
1151000 98
1151001 4
11510300 99
11510301 11
1151100 89
1151101 2
11511300 99
11511301 1
1161200 5
1161201 94
11612300 8
11612301 93
116100 1
116101 99
1161300 1
1161301 99
116200 4
116201 89
1162300 4
1162301 94
116300 1
116301 84
1163300 8
1163301 88
116400 1
116401 67
1164300 3
1164301 71
116500 12
116501 50
1165300 15
1165301 54
116600 11
116601 44
1166300 15
1166301 41
116700 21
116701 50
1167300 31
1167301 33
116800 33
116801 29
1168300 66
1168301 10
116900 75
116901 7
1169300 71
1169301 15
1161000 95
1161001 1
11610300 94
11610301 11
1161100 99
1161101 1
11611300 98
11611301 5
1171200 1
1171201 97
11712300 1
11712301 91
117100 1
117101 99
1171300 1
1171301 92
117200 5
117201 99
1172300 5
1172301 91
117300 10
117301 92
1173300 1
1173301 87
117400 1
117401 65
1174300 5
1174301 56
117500 17
117501 63
1175300 18
1175301 44
117600 8
117601 51
1176300 21
1176301 58
117700 20
117701 45
1177300 20
1177301 29
117800 34
117801 26
1178300 61
1178301 16
117900 81
117901 20
1179300 72
1179301 1
1171000 98
1171001 8
11710300 93
11710301 1
1171100 99
1171101 3
11711300 96
11711301 1
