011200 7
011201 99
0112300 1
0112301 99
01100 5
01101 99
011300 1
011301 99
01200 1
01201 99
012300 1
012301 81
01300 6
01301 77
013300 1
013301 84
01400 4
01401 64
014300 1
014301 59
01500 16
01501 53
015300 9
015301 44
01600 3
01601 42
016300 13
016301 41
01700 22
01701 39
017300 29
017301 28
01800 47
01801 25
018300 76
018301 11
01900 79
01901 6
019300 66
019301 8
011000 94
011001 13
0110300 99
0110301 7
011100 99
011101 1
0111300 92
0111301 1
021200 7
021201 99
0212300 6
0212301 92
02100 8
02101 99
021300 3
021301 99
02200 2
02201 95
022300 3
022301 98
02300 6
02301 80
023300 1
023301 89
02400 6
02401 68
024300 10
024301 68
02500 9
02501 66
025300 7
025301 61
02600 6
02601 49
026300 11
026301 41
02700 33
02701 48
027300 29
027301 26
02800 44
02801 31
028300 66
028301 13
02900 70
02901 3
029300 85
029301 2
021000 85
021001 13
0210300 92
0210301 11
021100 91
021101 7
0211300 98
0211301 8
031200 4
031201 93
0312300 9
0312301 99
03100 3
03101 99
031300 4
031301 99
03200 1
03201 99
032300 1
032301 96
03300 1
03301 78
033300 3
033301 93
03400 1
03401 73
034300 1
034301 65
03500 9
03501 52
035300 7
035301 47
03600 6
03601 47
036300 9
036301 52
03700 18
03701 41
037300 19
037301 24
03800 43
03801 31
038300 58
038301 7
03900 80
03901 16
039300 81
039301 10
031000 81
031001 13
0310300 99
0310301 11
031100 91
031101 6
0311300 99
0311301 1
041200 8
041201 99
0412300 10
0412301 99
04100 1
04101 97
041300 9
041301 90
04200 10
04201 90
042300 9
042301 93
04300 1
04301 94
043300 8
043301 93
04400 1
04401 74
044300 5
044301 67
04500 3
04501 62
045300 13
045301 46
04600 17
04601 47
046300 11
046301 40
04700 35
04701 49
047300 29
047301 42
04800 34
04801 25
048300 65
048301 22
04900 78
04901 10
049300 73
049301 2
041000 90
041001 5
0410300 94
0410301 1
041100 99
041101 1
0411300 99
0411301 1
051200 8
051201 99
0512300 1
0512301 94
05100 1
05101 99
051300 1
051301 98
05200 4
05201 87
052300 10
052301 89
05300 5
05301 83
053300 10
053301 93
05400 4
05401 70
054300 2
054301 54
05500 11
05501 52
055300 4
055301 62
05600 2
05601 55
056300 18
056301 44
05700 22
05701 45
057300 22
057301 38
05800 43
05801 24
058300 61
058301 18
05900 67
05901 8
059300 69
059301 17
051000 86
051001 9
0510300 99
0510301 14
051100 99
051101 13
0511300 99
0511301 1
061200 1
061201 92
0612300 1
0612301 99
06100 1
06101 95
061300 1
061301 95
06200 6
06201 93
062300 1
062301 89
06300 1
06301 87
063300 10
063301 90
06400 1
06401 76
064300 1
064301 72
06500 8
06501 52
065300 17
065301 58
06600 8
06601 47
066300 12
066301 58
06700 18
06701 49
067300 18
067301 23
06800 48
06801 29
068300 59
068301 20
06900 67
06901 15
069300 83
069301 2
061000 99
061001 13
0610300 88
0610301 4
061100 99
061101 1
0611300 99
0611301 11
071200 1
071201 99
0712300 3
0712301 92
07100 9
07101 93
071300 1
071301 93
07200 1
07201 98
072300 1
072301 90
07300 8
07301 90
073300 1
073301 74
07400 4
07401 72
074300 9
074301 60
07500 17
07501 61
075300 14
075301 59
07600 11
07601 46
076300 13
076301 52
07700 22
07701 47
077300 25
077301 41
07800 34
07801 20
078300 66
078301 6
07900 79
07901 6
079300 84
079301 1
071000 99
071001 11
0710300 99
0710301 3
071100 99
071101 1
0711300 99
0711301 1
111200 1
111201 97
1112300 1
1112301 98
11100 1
11101 96
111300 1
111301 97
11200 1
11201 98
112300 4
112301 93
11300 4
11301 83
113300 4
113301 92
11400 1
11401 65
114300 8
114301 60
11500 8
11501 59
115300 12
115301 44
11600 6
11601 58
116300 4
116301 45
11700 16
11701 39
117300 22
117301 25
11800 44
11801 30
118300 76
118301 3
11900 70
11901 10
119300 67
119301 1
111000 92
111001 3
1110300 95
1110301 8
111100 96
111101 1
1111300 99
1111301 1
121200 1
121201 98
1212300 6
1212301 92
12100 4
12101 91
121300 1
121301 95
12200 8
12201 87
122300 5
122301 87
12300 7
12301 79
123300 1
123301 92
12400 9
12401 72
124300 4
124301 54
12500 17
12501 61
125300 4
125301 59
12600 1
12601 54
126300 21
126301 40
12700 23
12701 33
127300 20
127301 29
12800 36
12801 28
128300 69
128301 7
12900 77
12901 12
129300 66
129301 16
121000 97
121001 1
1210300 99
1210301 1
121100 99
121101 12
1211300 99
1211301 1
131200 1
131201 99
1312300 1
1312301 89
13100 1
13101 99
131300 1
131301 95
13200 1
13201 94
132300 5
132301 90
13300 1
13301 78
133300 1
133301 84
13400 1
13401 68
134300 1
134301 59
13500 5
13501 60
135300 10
135301 60
13600 15
13601 51
136300 18
136301 41
13700 29
13701 31
137300 20
137301 35
13800 46
13801 27
138300 64
138301 22
13900 73
13901 6
139300 73
139301 8
131000 85
131001 1
1310300 87
1310301 8
131100 99
131101 1
1311300 99
1311301 5
141200 9
141201 95
1412300 1
1412301 90
14100 1
14101 99
141300 1
141301 98
14200 8
14201 90
142300 1
142301 81
14300 1
14301 95
143300 7
143301 78
14400 1
14401 81
144300 1
144301 59
14500 5
14501 66
145300 6
145301 57
14600 10
14601 46
146300 5
146301 50
14700 30
14701 43
147300 18
147301 42
14800 44
14801 28
148300 60
148301 22
14900 66
14901 14
149300 85
149301 7
141000 92
141001 1
1410300 94
1410301 10
141100 99
141101 1
1411300 94
1411301 7
151200 1
151201 99
1512300 9
1512301 99
15100 4
15101 99
151300 1
151301 92
15200 1
15201 88
152300 5
152301 84
15300 8
15301 79
153300 10
153301 81
15400 9
15401 70
154300 1
154301 57
15500 16
15501 69
155300 10
155301 61
15600 16
15601 58
156300 10
156301 55
15700 25
15701 43
157300 33
157301 24
15800 46
15801 34
158300 65
158301 3
15900 77
15901 3
159300 78
159301 1
151000 90
151001 1
1510300 92
1510301 7
151100 91
151101 1
1511300 99
1511301 6
161200 1
161201 99
1612300 9
1612301 93
16100 1
16101 92
161300 1
161301 97
16200 1
16201 99
162300 4
162301 97
16300 9
16301 82
163300 1
163301 75
16400 1
16401 64
164300 9
164301 69
16500 14
16501 62
165300 16
165301 56
16600 10
16601 42
166300 14
166301 44
16700 28
16701 47
167300 19
167301 37
16800 37
16801 29
168300 71
168301 11
16900 69
16901 2
169300 68
169301 15
161000 99
161001 1
1610300 95
1610301 1
161100 93
161101 6
1611300 99
1611301 9
171200 1
171201 91
1712300 1
1712301 99
17100 1
17101 99
171300 8
171301 99
17200 2
17201 89
172300 4
172301 92
17300 1
17301 82
173300 5
173301 88
17400 4
17401 81
174300 4
174301 56
17500 12
17501 55
175300 18
175301 62
17600 13
17601 41
176300 10
176301 44
17700 33
17701 43
177300 27
177301 25
17800 31
17801 29
178300 72
178301 19
17900 80
17901 12
179300 71
179301 14
171000 97
171001 1
1710300 99
1710301 12
171100 99
171101 1
1711300 99
1711301 1
211200 1
211201 93
2112300 7
2112301 99
21100 9
21101 90
211300 3
211301 95
21200 1
21201 99
212300 1
212301 99
21300 5
21301 92
213300 6
213301 77
21400 6
21401 68
214300 1
214301 59
21500 17
21501 57
215300 4
215301 53
21600 15
21601 49
216300 18
216301 39
21700 24
21701 40
217300 31
217301 42
21800 34
21801 26
218300 75
218301 22
21900 76
21901 15
219300 80
219301 12
211000 97
211001 7
2110300 99
2110301 1
211100 97
211101 9
2111300 90
2111301 1
221200 1
221201 89
2212300 10
2212301 95
22100 10
22101 95
221300 4
221301 93
22200 5
22201 95
222300 1
222301 81
22300 1
22301 87
223300 8
223301 88
22400 7
22401 63
224300 1
224301 70
22500 17
22501 69
225300 15
225301 44
22600 7
22601 49
226300 11
226301 57
22700 32
22701 45
227300 20
227301 31
22800 29
22801 33
228300 75
228301 9
22900 74
22901 12
229300 68
229301 10
221000 81
221001 15
2210300 99
2210301 1
221100 99
221101 1
2211300 99
2211301 1
231200 5
231201 90
2312300 1
2312301 93
23100 10
23101 99
231300 1
231301 89
23200 4
23201 96
232300 3
232301 83
23300 1
23301 80
233300 1
233301 78
23400 1
23401 75
234300 1
234301 66
23500 14
23501 57
235300 9
235301 52
23600 8
23601 57
236300 10
236301 51
23700 25
23701 42
237300 33
237301 33
23800 31
23801 17
238300 67
238301 6
23900 66
23901 10
239300 85
239301 6
231000 91
231001 11
2310300 99
2310301 6
231100 93
231101 10
2311300 99
2311301 1
241200 1
241201 99
2412300 1
2412301 99
24100 1
24101 95
241300 1
241301 99
24200 1
24201 99
242300 1
242301 94
24300 1
24301 78
243300 8
243301 89
24400 7
24401 63
244300 1
244301 70
24500 1
24501 59
245300 1
245301 50
24600 1
24601 50
246300 20
246301 39
24700 16
24701 37
247300 25
247301 37
24800 30
24801 30
248300 69
248301 15
24900 71
24901 4
249300 70
249301 12
241000 85
241001 1
2410300 88
2410301 12
241100 96
241101 12
2411300 99
2411301 1
251200 2
251201 99
2512300 1
2512301 99
25100 1
25101 97
251300 1
251301 99
25200 1
25201 89
252300 1
252301 86
25300 1
25301 87
253300 1
253301 90
25400 1
25401 76
254300 1
254301 53
25500 16
25501 59
255300 5
255301 53
25600 3
25601 44
256300 11
256301 58
25700 23
25701 39
257300 19
257301 36
25800 47
25801 21
258300 60
258301 16
25900 79
25901 16
259300 66
259301 13
251000 88
251001 13
2510300 99
2510301 3
251100 93
251101 2
2511300 97
2511301 12
261200 6
261201 99
2612300 1
2612301 99
26100 1
26101 94
261300 1
261301 99
26200 5
26201 94
262300 1
262301 88
26300 9
26301 95
263300 1
263301 79
26400 1
26401 72
264300 7
264301 72
26500 13
26501 59
265300 2
265301 53
26600 9
26601 53
266300 2
266301 40
26700 28
26701 47
267300 31
267301 23
26800 45
26801 18
268300 63
268301 3
26900 75
26901 12
269300 76
269301 12
261000 90
261001 10
2610300 99
2610301 10
261100 93
261101 7
2611300 97
2611301 8
271200 2
271201 92
2712300 1
2712301 96
27100 2
27101 87
271300 1
271301 97
27200 1
27201 99
272300 1
272301 98
27300 1
27301 92
273300 1
273301 83
27400 3
27401 73
274300 3
274301 63
27500 12
27501 62
275300 7
275301 47
27600 2
27601 56
276300 11
276301 40
27700 18
27701 34
277300 26
277301 29
27800 40
27801 35
278300 71
278301 4
27900 82
27901 1
279300 85
279301 16
271000 97
271001 8
2710300 99
2710301 11
271100 93
271101 1
2711300 99
2711301 9
311200 1
311201 92
3112300 1
3112301 89
31100 1
31101 99
311300 9
311301 92
31200 2
31201 87
312300 7
312301 81
31300 8
31301 79
313300 3
313301 89
31400 1
31401 79
314300 4
314301 66
31500 16
31501 55
315300 7
315301 58
31600 11
31601 59
316300 3
316301 48
31700 23
31701 40
317300 30
317301 25
31800 45
31801 20
318300 68
318301 9
31900 75
31901 18
319300 67
319301 10
311000 96
311001 9
3110300 99
3110301 3
311100 89
311101 4
3111300 99
3111301 7
321200 6
321201 96
3212300 1
3212301 99
32100 1
32101 99
321300 1
321301 95
32200 1
32201 99
322300 10
322301 84
32300 8
32301 80
323300 2
323301 88
32400 1
32401 65
324300 1
324301 72
32500 12
32501 68
325300 16
325301 44
32600 17
32601 49
326300 21
326301 57
32700 22
32701 46
327300 24
327301 39
32800 36
32801 28
328300 63
328301 11
32900 67
32901 15
329300 76
329301 1
321000 82
321001 15
3210300 97
3210301 7
321100 95
321101 4
3211300 93
3211301 2
331200 1
331201 96
3312300 1
3312301 99
33100 1
33101 99
331300 5
331301 92
33200 1
33201 99
332300 1
332301 97
33300 10
33301 79
333300 4
333301 83
33400 1
33401 63
334300 1
334301 59
33500 1
33501 59
335300 14
335301 60
33600 9
33601 42
336300 18
336301 40
33700 35
33701 48
337300 19
337301 23
33800 30
33801 31
338300 72
338301 6
33900 76
33901 10
339300 73
339301 1
331000 81
331001 12
3310300 89
3310301 6
331100 93
331101 1
3311300 98
3311301 1
341200 1
341201 92
3412300 1
3412301 98
34100 7
34101 99
341300 1
341301 95
34200 1
34201 87
342300 1
342301 90
34300 5
34301 85
343300 1
343301 88
34400 2
34401 67
344300 1
344301 62
34500 4
34501 69
345300 1
345301 57
34600 7
34601 57
346300 15
346301 50
34700 26
34701 47
347300 32
347301 24
34800 45
34801 17
348300 73
348301 6
34900 63
34901 9
349300 83
349301 14
341000 86
341001 1
3410300 99
3410301 5
341100 99
341101 9
3411300 99
3411301 11
351200 5
351201 98
3512300 1
3512301 99
35100 9
35101 91
351300 9
351301 94
35200 1
35201 91
352300 1
352301 81
35300 1
35301 81
353300 1
353301 91
35400 4
35401 64
354300 1
354301 58
35500 7
35501 54
355300 2
355301 59
35600 18
35601 48
356300 14
356301 42
35700 20
35701 35
357300 27
357301 32
35800 43
35801 31
358300 58
358301 16
35900 76
35901 5
359300 73
359301 5
351000 94
351001 13
3510300 91
3510301 12
351100 91
351101 1
3511300 99
3511301 1
361200 1
361201 92
3612300 7
3612301 99
36100 10
36101 88
361300 9
361301 99
36200 1
36201 86
362300 1
362301 97
36300 8
36301 82
363300 1
363301 92
36400 9
36401 72
364300 7
364301 56
36500 12
36501 64
365300 3
365301 63
36600 1
36601 54
366300 16
366301 41
36700 34
36701 43
367300 24
367301 35
36800 45
36801 31
368300 60
368301 22
36900 74
36901 13
369300 83
369301 13
361000 99
361001 8
3610300 92
3610301 14
361100 92
361101 9
3611300 99
3611301 11
371200 1
371201 99
3712300 2
3712301 99
37100 1
37101 95
371300 8
371301 99
37200 1
37201 83
372300 1
372301 98
37300 1
37301 89
373300 4
373301 85
37400 2
37401 71
374300 1
374301 60
37500 11
37501 64
375300 14
375301 55
37600 8
37601 45
376300 4
376301 58
37700 25
37701 34
377300 30
377301 40
37800 37
37801 24
378300 73
378301 9
37900 71
37901 12
379300 85
379301 11
371000 89
371001 9
3710300 91
3710301 7
371100 93
371101 9
3711300 96
3711301 1
411200 1
411201 96
4112300 3
4112301 99
41100 2
41101 99
411300 1
411301 91
41200 7
41201 85
412300 6
412301 90
41300 2
41301 87
413300 1
413301 83
41400 1
41401 73
414300 1
414301 60
41500 5
41501 60
415300 6
415301 54
41600 9
41601 47
416300 5
416301 44
41700 17
41701 49
417300 22
417301 40
41800 44
41801 35
418300 67
418301 6
41900 75
41901 4
419300 83
419301 1
411000 90
411001 14
4110300 99
4110301 1
411100 99
411101 8
4111300 91
4111301 1
421200 1
421201 97
4212300 1
4212301 93
42100 2
42101 87
421300 3
421301 94
42200 1
42201 99
422300 1
422301 84
42300 10
42301 79
423300 5
423301 88
42400 7
42401 68
424300 1
424301 60
42500 10
42501 51
425300 1
425301 49
42600 1
42601 55
426300 9
426301 55
42700 35
42701 34
427300 20
427301 26
42800 31
42801 22
428300 69
428301 8
42900 80
42901 4
429300 81
429301 9
421000 81
421001 16
4210300 99
4210301 1
421100 95
421101 2
4211300 99
4211301 1
431200 1
431201 93
4312300 1
4312301 96
43100 2
43101 98
431300 7
431301 89
43200 5
43201 88
432300 6
432301 97
43300 1
43301 91
433300 1
433301 89
43400 1
43401 62
434300 1
434301 72
43500 12
43501 64
435300 12
435301 61
43600 3
43601 48
436300 21
436301 40
43700 17
43701 47
437300 20
437301 31
43800 34
43801 31
438300 62
438301 5
43900 67
43901 1
439300 77
439301 1
431000 98
431001 1
4310300 93
4310301 3
431100 94
431101 9
4311300 99
4311301 1
441200 1
441201 99
4412300 1
4412301 89
44100 1
44101 91
441300 1
441301 99
44200 1
44201 98
442300 1
442301 88
44300 7
44301 86
443300 5
443301 80
44400 8
44401 71
444300 11
444301 70
44500 3
44501 60
445300 9
445301 54
44600 2
44601 45
446300 20
446301 44
44700 26
44701 36
447300 34
447301 35
44800 48
44801 25
448300 75
448301 19
44900 74
44901 16
449300 71
449301 2
441000 99
441001 16
4410300 98
4410301 1
441100 92
441101 5
4411300 99
4411301 12
451200 4
451201 99
4512300 6
4512301 99
45100 10
45101 99
451300 1
451301 99
45200 1
45201 85
452300 1
452301 92
45300 7
45301 92
453300 1
453301 75
45400 2
45401 63
454300 5
454301 58
45500 16
45501 60
455300 1
455301 52
45600 13
45601 45
456300 18
456301 39
45700 22
45701 43
457300 34
457301 32
45800 30
45801 24
458300 77
458301 5
45900 80
45901 11
459300 80
459301 17
451000 89
451001 7
4510300 86
4510301 9
451100 99
451101 1
4511300 91
4511301 3
461200 1
461201 93
4612300 1
4612301 92
46100 8
46101 93
461300 1
461301 99
46200 3
46201 99
462300 4
462301 98
46300 1
46301 79
463300 1
463301 76
46400 3
46401 66
464300 6
464301 58
46500 1
46501 59
465300 4
465301 51
46600 1
46601 42
466300 10
466301 47
46700 24
46701 49
467300 27
467301 35
46800 47
46801 20
468300 70
468301 3
46900 82
46901 9
469300 77
469301 9
461000 83
461001 7
4610300 92
4610301 13
461100 94
461101 1
4611300 93
4611301 4
471200 5
471201 99
4712300 1
4712301 97
47100 3
47101 99
471300 1
471301 99
47200 1
47201 97
472300 3
472301 96
47300 1
47301 92
473300 2
473301 90
47400 2
47401 69
474300 1
474301 71
47500 9
47501 54
475300 15
475301 45
47600 3
47601 60
476300 14
476301 57
47700 27
47701 46
477300 34
477301 40
47800 29
47801 25
478300 60
478301 19
47900 64
47901 18
479300 72
479301 1
471000 87
471001 1
4710300 99
4710301 1
471100 99
471101 3
4711300 92
4711301 8
511200 1
511201 89
5112300 1
5112301 92
51100 1
51101 93
511300 1
511301 99
51200 7
51201 91
512300 1
512301 98
51300 1
51301 87
513300 9
513301 77
51400 1
51401 79
514300 8
514301 71
51500 1
51501 65
515300 18
515301 47
51600 1
51601 53
516300 18
516301 55
51700 21
51701 35
517300 20
517301 26
51800 46
51801 35
518300 58
518301 10
51900 68
51901 10
519300 73
519301 3
511000 94
511001 16
5110300 95
5110301 1
511100 99
511101 1
5111300 95
5111301 1
521200 1
521201 99
5212300 7
5212301 93
52100 10
52101 89
521300 1
521301 99
52200 1
52201 94
522300 1
522301 90
52300 1
52301 88
523300 1
523301 74
52400 1
52401 77
524300 10
524301 67
52500 6
52501 64
525300 5
525301 45
52600 13
52601 59
526300 11
526301 42
52700 24
52701 37
527300 35
527301 31
52800 30
52801 18
528300 62
528301 21
52900 80
52901 15
529300 79
529301 17
521000 84
521001 15
5210300 99
5210301 1
521100 99
521101 1
5211300 99
5211301 10
531200 1
531201 99
5312300 4
5312301 99
53100 1
53101 96
531300 8
531301 98
53200 8
53201 99
532300 7
532301 85
53300 5
53301 92
533300 1
533301 78
53400 1
53401 73
534300 1
534301 57
53500 1
53501 60
535300 8
535301 59
53600 8
53601 47
536300 9
536301 57
53700 25
53701 35
537300 33
537301 35
53800 43
53801 19
538300 64
538301 3
53900 68
53901 1
539300 74
539301 6
531000 92
531001 1
5310300 87
5310301 1
531100 93
531101 8
5311300 99
5311301 2
541200 3
541201 95
5412300 1
5412301 90
54100 1
54101 99
541300 1
541301 94
54200 9
54201 98
542300 5
542301 81
54300 1
54301 84
543300 6
543301 76
54400 1
54401 68
544300 1
544301 67
54500 16
54501 59
545300 9
545301 45
54600 5
54601 41
546300 18
546301 41
54700 27
54701 36
547300 33
547301 31
54800 48
54801 25
548300 67
548301 5
54900 82
54901 15
549300 72
549301 1
541000 99
541001 5
5410300 96
5410301 7
541100 99
541101 1
5411300 99
5411301 7
551200 1
551201 92
5512300 3
5512301 99
55100 7
55101 99
551300 1
551301 95
55200 9
55201 99
552300 5
552301 92
55300 4
55301 91
553300 8
553301 79
55400 4
55401 70
554300 1
554301 62
55500 1
55501 67
555300 7
555301 51
55600 8
55601 42
556300 4
556301 53
55700 32
55701 50
557300 35
557301 29
55800 45
55801 35
558300 68
558301 10
55900 75
55901 5
559300 67
559301 9
551000 86
551001 11
5510300 89
5510301 7
551100 99
551101 1
5511300 92
5511301 2
561200 1
561201 99
5612300 1
5612301 99
56100 5
56101 97
561300 1
561301 94
56200 1
56201 90
562300 1
562301 82
56300 10
56301 87
563300 1
563301 83
56400 9
56401 64
564300 4
564301 54
56500 11
56501 50
565300 8
565301 54
56600 10
56601 47
566300 5
566301 43
56700 25
56701 36
567300 30
567301 39
56800 48
56801 30
568300 70
568301 16
56900 81
56901 4
569300 74
569301 6
561000 99
561001 3
5610300 99
5610301 1
561100 99
561101 1
5611300 99
5611301 10
571200 1
571201 99
5712300 1
5712301 99
57100 1
57101 99
571300 1
571301 92
57200 8
57201 85
572300 1
572301 86
57300 1
57301 95
573300 4
573301 89
57400 1
57401 75
574300 9
574301 61
57500 15
57501 69
575300 9
575301 49
57600 18
57601 49
576300 17
576301 48
57700 25
57701 38
577300 22
577301 28
57800 47
57801 28
578300 71
578301 9
57900 71
57901 19
579300 68
579301 7
571000 87
571001 2
5710300 99
5710301 1
571100 99
571101 1
5711300 91
5711301 1
611200 1
611201 99
6112300 1
6112301 99
61100 1
61101 99
611300 3
611301 99
61200 1
61201 90
612300 2
612301 97
61300 10
61301 78
613300 6
613301 79
61400 1
61401 78
614300 1
614301 69
61500 7
61501 59
615300 2
615301 53
61600 2
61601 52
616300 9
616301 56
61700 32
61701 42
617300 27
617301 27
61800 34
61801 32
618300 71
618301 12
61900 73
61901 11
619300 72
619301 1
611000 94
611001 12
6110300 91
6110301 12
611100 96
611101 1
6111300 99
6111301 1
621200 1
621201 91
6212300 1
6212301 90
62100 8
62101 87
621300 1
621301 99
62200 1
62201 99
622300 1
622301 91
62300 4
62301 86
623300 1
623301 78
62400 1
62401 67
624300 1
624301 58
62500 6
62501 60
625300 8
625301 59
62600 9
62601 43
626300 21
626301 40
62700 29
62701 45
627300 23
627301 36
62800 40
62801 24
628300 74
628301 19
62900 70
62901 10
629300 82
629301 14
621000 86
621001 2
6210300 90
6210301 1
621100 99
621101 8
6211300 93
6211301 1
631200 10
631201 99
6312300 1
6312301 93
63100 1
63101 96
631300 8
631301 89
63200 1
63201 89
632300 1
632301 98
63300 4
63301 85
633300 1
633301 76
63400 1
63401 80
634300 1
634301 55
63500 12
63501 58
635300 1
635301 63
63600 8
63601 59
636300 5
636301 47
63700 32
63701 39
637300 24
637301 33
63800 38
63801 31
638300 63
638301 7
63900 66
63901 1
639300 67
639301 4
631000 87
631001 15
6310300 94
6310301 14
631100 90
631101 3
6311300 99
6311301 1
641200 7
641201 99
6412300 1
6412301 99
64100 1
64101 87
641300 1
641301 99
64200 10
64201 90
642300 6
642301 90
64300 1
64301 82
643300 1
643301 74
64400 1
64401 72
644300 1
644301 63
64500 13
64501 62
645300 5
645301 58
64600 3
64601 58
646300 8
646301 41
64700 17
64701 34
647300 30
647301 31
64800 38
64801 19
648300 63
648301 4
64900 66
64901 5
649300 69
649301 8
641000 83
641001 3
6410300 95
6410301 3
641100 95
641101 12
6411300 99
6411301 1
651200 1
651201 99
6512300 1
6512301 99
65100 9
65101 99
651300 1
651301 96
65200 8
65201 97
652300 1
652301 99
65300 1
65301 86
653300 1
653301 78
65400 6
65401 69
654300 1
654301 54
65500 2
65501 67
655300 11
655301 50
65600 11
65601 43
656300 17
656301 52
65700 30
65701 46
657300 19
657301 33
65800 32
65801 18
658300 67
658301 7
65900 67
65901 13
659300 80
659301 2
651000 87
651001 16
6510300 88
6510301 1
651100 99
651101 1
6511300 99
6511301 11
661200 1
661201 90
6612300 3
6612301 94
66100 1
66101 99
661300 1
661301 99
66200 1
66201 88
662300 1
662301 86
66300 1
66301 81
663300 3
663301 77
66400 1
66401 77
664300 1
664301 57
66500 15
66501 61
665300 6
665301 58
66600 7
66601 52
666300 15
666301 39
66700 35
66701 49
667300 35
667301 42
66800 29
66801 36
668300 69
668301 7
66900 81
66901 9
669300 76
669301 16
661000 83
661001 13
6610300 93
6610301 14
661100 99
661101 1
6611300 99
6611301 7
671200 6
671201 98
6712300 5
6712301 99
67100 1
67101 96
671300 1
671301 87
67200 2
67201 99
672300 1
672301 92
67300 1
67301 81
673300 4
673301 83
67400 1
67401 63
674300 1
674301 64
67500 9
67501 53
675300 10
675301 52
67600 9
67601 58
676300 21
676301 40
67700 34
67701 39
677300 21
677301 42
67800 35
67801 25
678300 71
678301 8
67900 74
67901 8
679300 75
679301 8
671000 82
671001 1
6710300 99
6710301 13
671100 97
671101 5
6711300 93
6711301 3
711200 4
711201 99
7112300 1
7112301 99
71100 5
71101 97
711300 3
711301 97
71200 1
71201 97
712300 1
712301 85
71300 7
71301 90
713300 1
713301 83
71400 1
71401 63
714300 1
714301 57
71500 16
71501 69
715300 14
715301 47
71600 2
71601 56
716300 13
716301 40
71700 32
71701 40
717300 17
717301 27
71800 41
71801 20
718300 76
718301 17
71900 76
71901 13
719300 68
719301 7
711000 99
711001 8
7110300 88
7110301 8
711100 99
711101 1
7111300 99
7111301 3
721200 4
721201 98
7212300 1
7212301 95
72100 9
72101 97
721300 3
721301 97
72200 1
72201 99
722300 3
722301 81
72300 1
72301 93
723300 8
723301 90
72400 6
72401 73
724300 1
724301 66
72500 1
72501 54
725300 1
725301 45
72600 15
72601 46
726300 11
726301 50
72700 21
72701 49
727300 32
727301 26
72800 47
72801 19
728300 76
728301 17
72900 63
72901 15
729300 79
729301 1
721000 84
721001 1
7210300 95
7210301 10
721100 90
721101 1
7211300 99
7211301 2
731200 3
731201 99
7312300 3
7312301 99
73100 1
73101 98
731300 1
731301 88
73200 1
73201 87
732300 10
732301 84
73300 6
73301 90
733300 4
733301 90
73400 1
73401 62
734300 2
734301 57
73500 2
73501 50
735300 11
735301 59
73600 13
73601 48
736300 21
736301 45
73700 31
73701 37
737300 24
737301 38
73800 46
73801 28
738300 65
738301 13
73900 79
73901 8
739300 70
739301 1
731000 89
731001 6
7310300 99
7310301 1
731100 99
731101 2
7311300 99
7311301 1
741200 1
741201 99
7412300 6
7412301 99
74100 1
74101 92
741300 1
741301 94
74200 1
74201 88
742300 8
742301 97
74300 1
74301 93
743300 4
743301 79
74400 1
74401 68
744300 1
744301 64
74500 11
74501 52
745300 15
745301 54
74600 17
74601 48
746300 18
746301 54
74700 19
74701 35
747300 36
747301 37
74800 30
74801 21
748300 60
748301 10
74900 73
74901 18
749300 67
749301 14
741000 81
741001 4
7410300 92
7410301 7
741100 91
741101 4
7411300 99
7411301 1
751200 4
751201 95
7512300 1
7512301 94
75100 5
75101 93
751300 1
751301 87
75200 1
75201 99
752300 1
752301 87
75300 1
75301 88
753300 1
753301 87
75400 1
75401 76
754300 5
754301 61
75500 1
75501 57
755300 15
755301 53
75600 4
75601 50
756300 20
756301 54
75700 19
75701 34
757300 27
757301 23
75800 40
75801 30
758300 62
758301 12
75900 63
75901 19
759300 70
759301 8
751000 95
751001 1
7510300 99
7510301 4
751100 94
751101 3
7511300 99
7511301 6
761200 1
761201 92
7612300 6
7612301 99
76100 3
76101 92
761300 6
761301 92
76200 1
76201 88
762300 9
762301 93
76300 4
76301 80
763300 1
763301 83
76400 1
76401 67
764300 1
764301 65
76500 2
76501 63
765300 8
765301 61
76600 7
76601 60
766300 11
766301 40
76700 27
76701 33
767300 28
767301 38
76800 42
76801 19
768300 66
768301 22
76900 63
76901 13
769300 68
769301 1
761000 90
761001 6
7610300 87
7610301 9
761100 99
761101 1
7611300 90
7611301 4
771200 1
771201 99
7712300 4
7712301 99
77100 1
77101 89
771300 1
771301 99
77200 4
77201 86
772300 4
772301 90
77300 6
77301 93
773300 3
773301 85
77400 7
77401 66
774300 1
774301 68
77500 13
77501 64
775300 6
775301 54
77600 6
77601 44
776300 16
776301 44
77700 30
77701 48
777300 17
777301 24
77800 34
77801 28
778300 60
778301 9
77900 73
77901 1
779300 71
779301 6
771000 88
771001 1
7710300 96
7710301 14
771100 92
771101 1
7711300 97
7711301 8
811200 1
811201 99
8112300 1
8112301 97
81100 6
81101 92
811300 3
811301 99
81200 1
81201 99
812300 1
812301 99
81300 8
81301 84
813300 1
813301 93
81400 1
81401 76
814300 1
814301 71
81500 3
81501 53
815300 4
815301 63
81600 12
81601 47
816300 19
816301 49
81700 29
81701 47
817300 21
817301 39
81800 42
81801 22
818300 73
818301 16
81900 64
81901 18
819300 74
819301 10
811000 86
811001 10
8110300 91
8110301 7
811100 92
811101 1
8111300 94
8111301 9
821200 4
821201 99
8212300 1
8212301 91
82100 1
82101 91
821300 4
821301 91
82200 1
82201 94
822300 3
822301 82
82300 2
82301 91
823300 1
823301 82
82400 1
82401 76
824300 6
824301 66
82500 1
82501 56
825300 14
825301 58
82600 4
82601 44
826300 15
826301 42
82700 19
82701 35
827300 36
827301 30
82800 29
82801 25
828300 76
828301 16
82900 75
82901 20
829300 85
829301 3
821000 86
821001 10
8210300 99
8210301 11
821100 99
821101 3
8211300 99
8211301 1
831200 1
831201 91
8312300 1
8312301 90
83100 1
83101 97
831300 1
831301 99
83200 1
83201 89
832300 2
832301 86
83300 5
83301 80
833300 10
833301 85
83400 3
83401 78
834300 8
834301 59
83500 9
83501 52
835300 15
835301 46
83600 13
83601 57
836300 2
836301 40
83700 27
83701 36
837300 34
837301 29
83800 47
83801 33
838300 63
838301 20
83900 80
83901 6
839300 67
839301 1
831000 86
831001 16
8310300 90
8310301 1
831100 92
831101 1
8311300 94
8311301 6
841200 1
841201 97
8412300 1
8412301 99
84100 1
84101 98
841300 1
841301 88
84200 1
84201 91
842300 10
842301 82
84300 10
84301 82
843300 1
843301 83
84400 6
84401 67
844300 6
844301 65
84500 1
84501 60
845300 11
845301 60
84600 2
84601 52
846300 12
846301 42
84700 29
84701 35
847300 17
847301 29
84800 46
84801 31
848300 69
848301 12
84900 70
84901 7
849300 79
849301 14
841000 83
841001 10
8410300 86
8410301 7
841100 98
841101 1
8411300 96
8411301 1
851200 3
851201 92
8512300 1
8512301 96
85100 1
85101 99
851300 1
851301 97
85200 7
85201 99
852300 5
852301 98
85300 5
85301 95
853300 8
853301 87
85400 4
85401 77
854300 1
854301 72
85500 7
85501 59
855300 5
855301 61
85600 15
85601 48
856300 8
856301 41
85700 22
85701 35
857300 28
857301 26
85800 33
85801 24
858300 68
858301 4
85900 67
85901 9
859300 70
859301 14
851000 91
851001 1
8510300 90
8510301 1
851100 95
851101 10
8511300 99
8511301 6
861200 1
861201 99
8612300 1
8612301 99
86100 7
86101 88
861300 1
861301 99
86200 1
86201 86
862300 1
862301 99
86300 8
86301 94
863300 1
863301 79
86400 1
86401 68
864300 9
864301 71
86500 1
86501 50
865300 7
865301 55
86600 7
86601 46
866300 7
866301 40
86700 34
86701 46
867300 21
867301 35
86800 39
86801 36
868300 65
868301 18
86900 75
86901 3
869300 80
869301 10
861000 99
861001 11
8610300 96
8610301 1
861100 89
861101 1
8611300 91
8611301 2
871200 1
871201 99
8712300 1
8712301 99
87100 9
87101 99
871300 1
871301 94
87200 3
87201 86
872300 9
872301 81
87300 1
87301 83
873300 10
873301 90
87400 1
87401 75
874300 1
874301 71
87500 17
87501 59
875300 4
875301 45
87600 12
87601 54
876300 6
876301 42
87700 22
87701 35
877300 30
877301 35
87800 46
87801 18
878300 60
878301 10
87900 82
87901 5
879300 72
879301 11
871000 91
871001 4
8710300 99
8710301 1
871100 93
871101 1
8711300 99
8711301 10
911200 1
911201 99
9112300 5
9112301 99
91100 1
91101 99
911300 3
911301 99
91200 1
91201 97
912300 2
912301 99
91300 1
91301 95
913300 1
913301 82
91400 10
91401 81
914300 1
914301 65
91500 8
91501 52
915300 5
915301 45
91600 9
91601 58
916300 3
916301 42
91700 20
91701 37
917300 27
917301 29
91800 33
91801 30
918300 67
918301 17
91900 80
91901 3
919300 74
919301 1
911000 81
911001 13
9110300 87
9110301 5
911100 96
911101 1
9111300 99
9111301 1
921200 3
921201 91
9212300 1
9212301 91
92100 9
92101 93
921300 2
921301 89
92200 1
92201 88
922300 1
922301 93
92300 2
92301 81
923300 1
923301 76
92400 8
92401 77
924300 1
924301 65
92500 7
92501 64
925300 3
925301 48
92600 9
92601 55
926300 5
926301 44
92700 17
92701 40
927300 33
927301 36
92800 39
92801 36
928300 75
928301 15
92900 71
92901 10
929300 66
929301 1
921000 87
921001 1
9210300 86
9210301 10
921100 89
921101 11
9211300 98
9211301 7
931200 3
931201 99
9312300 5
9312301 99
93100 1
93101 90
931300 1
931301 96
93200 1
93201 99
932300 3
932301 93
93300 9
93301 83
933300 8
933301 84
93400 1
93401 74
934300 3
934301 61
93500 14
93501 56
935300 1
935301 62
93600 17
93601 54
936300 11
936301 49
93700 28
93701 50
937300 20
937301 25
93800 48
93801 31
938300 62
938301 12
93900 82
93901 7
939300 84
939301 5
931000 96
931001 3
9310300 90
9310301 3
931100 99
931101 8
9311300 99
9311301 11
941200 1
941201 92
9412300 5
9412301 98
94100 9
94101 89
941300 1
941301 99
94200 1
94201 86
942300 1
942301 82
94300 7
94301 81
943300 1
943301 79
94400 1
94401 78
944300 1
944301 60
94500 13
94501 62
945300 9
945301 63
94600 7
94601 49
946300 4
946301 42
94700 34
94701 35
947300 36
947301 40
94800 47
94801 27
948300 68
948301 17
94900 66
94901 4
949300 80
949301 1
941000 99
941001 15
9410300 99
9410301 4
941100 89
941101 9
9411300 97
9411301 1
951200 1
951201 99
9512300 1
9512301 99
95100 1
95101 99
951300 1
951301 99
95200 1
95201 83
952300 1
952301 97
95300 1
95301 89
953300 1
953301 74
95400 1
95401 75
954300 1
954301 58
95500 11
95501 55
955300 2
955301 49
95600 1
95601 55
956300 20
956301 53
95700 34
95701 49
957300 34
957301 30
95800 29
95801 23
958300 60
958301 7
95900 73
95901 15
959300 83
959301 11
951000 81
951001 4
9510300 99
9510301 6
951100 99
951101 10
9511300 99
9511301 8
961200 1
961201 96
9612300 3
9612301 99
96100 1
96101 97
961300 10
961301 95
96200 3
96201 99
962300 1
962301 95
96300 9
96301 86
963300 5
963301 86
96400 1
96401 67
964300 5
964301 57
96500 17
96501 64
965300 1
965301 56
96600 18
96601 59
966300 12
966301 54
96700 24
96701 50
967300 35
967301 38
96800 32
96801 30
968300 61
968301 11
96900 66
96901 15
969300 77
969301 11
961000 88
961001 1
9610300 86
9610301 12
961100 99
961101 5
9611300 99
9611301 1
971200 9
971201 99
9712300 1
9712301 99
97100 1
97101 88
971300 2
971301 98
97200 1
97201 88
972300 6
972301 93
97300 1
97301 96
973300 1
973301 82
97400 1
97401 77
974300 1
974301 58
97500 5
97501 67
975300 11
975301 51
97600 2
97601 47
976300 15
976301 58
97700 21
97701 48
977300 22
977301 37
97800 47
97801 18
978300 64
978301 12
97900 72
97901 8
979300 75
979301 10
971000 92
971001 1
9710300 95
9710301 5
971100 99
971101 8
9711300 93
9711301 1
1011200 1
1011201 94
10112300 1
10112301 99
101100 1
101101 95
1011300 1
1011301 99
101200 1
101201 89
1012300 1
1012301 91
101300 1
101301 93
1013300 4
1013301 81
101400 10
101401 77
1014300 1
1014301 59
101500 9
101501 54
1015300 5
1015301 47
101600 9
101601 42
1016300 10
1016301 44
101700 33
101701 34
1017300 30
1017301 32
101800 32
101801 23
1018300 76
1018301 18
101900 70
101901 12
1019300 73
1019301 14
1011000 84
1011001 12
10110300 96
10110301 1
1011100 98
1011101 1
10111300 89
10111301 8
1021200 1
1021201 99
10212300 9
10212301 99
102100 5
102101 99
1021300 1
1021301 88
102200 1
102201 99
1022300 1
1022301 81
102300 6
102301 81
1023300 1
1023301 76
102400 10
102401 64
1024300 1
1024301 57
102500 1
102501 57
1025300 8
1025301 51
102600 14
102601 60
1026300 16
1026301 50
102700 23
102701 43
1027300 19
1027301 29
102800 41
102801 23
1028300 75
1028301 17
102900 81
102901 4
1029300 71
1029301 16
1021000 84
1021001 1
10210300 99
10210301 1
1021100 99
1021101 9
10211300 99
10211301 3
1031200 1
1031201 99
10312300 1
10312301 99
103100 10
103101 99
1031300 1
1031301 99
103200 10
103201 96
1032300 9
1032301 94
103300 1
103301 96
1033300 7
1033301 84
103400 1
103401 63
1034300 1
1034301 57
103500 1
103501 59
1035300 11
1035301 62
103600 15
103601 55
1036300 4
1036301 55
103700 23
103701 36
1037300 25
1037301 36
103800 39
103801 28
1038300 65
1038301 11
103900 73
103901 6
1039300 78
1039301 3
1031000 90
1031001 8
10310300 99
10310301 9
1031100 99
1031101 10
10311300 89
10311301 7
1041200 3
1041201 99
10412300 1
10412301 95
104100 9
104101 89
1041300 1
1041301 86
104200 1
104201 99
1042300 7
1042301 84
104300 1
104301 93
1043300 2
1043301 78
104400 8
104401 81
1044300 1
1044301 60
104500 1
104501 57
1045300 12
1045301 50
104600 1
104601 56
1046300 8
1046301 53
104700 16
104701 49
1047300 30
1047301 36
104800 39
104801 21
1048300 71
1048301 4
104900 77
104901 14
1049300 85
1049301 9
1041000 81
1041001 16
10410300 97
10410301 1
1041100 95
1041101 2
10411300 99
10411301 5
1051200 1
1051201 95
10512300 7
10512301 96
105100 6
105101 99
1051300 1
1051301 90
105200 1
105201 91
1052300 1
1052301 86
105300 6
105301 84
1053300 7
1053301 91
105400 9
105401 76
1054300 5
1054301 58
105500 9
105501 68
1055300 18
1055301 56
105600 5
105601 57
1056300 8
1056301 45
105700 35
105701 31
1057300 27
1057301 35
105800 38
105801 33
1058300 63
1058301 16
105900 82
105901 19
1059300 68
1059301 16
1051000 82
1051001 16
10510300 96
10510301 6
1051100 99
1051101 1
10511300 89
10511301 1
1061200 6
1061201 91
10612300 1
10612301 99
106100 1
106101 90
1061300 1
1061301 93
106200 1
106201 83
1062300 1
1062301 81
106300 1
106301 96
1063300 1
1063301 87
106400 1
106401 76
1064300 1
1064301 63
106500 2
106501 52
1065300 1
1065301 51
106600 4
106601 47
1066300 18
1066301 58
106700 25
106701 46
1067300 25
1067301 31
106800 39
106801 29
1068300 66
1068301 13
106900 64
106901 6
1069300 68
1069301 15
1061000 81
1061001 1
10610300 87
10610301 1
1061100 99
1061101 6
10611300 95
10611301 1
1071200 2
1071201 99
10712300 1
10712301 99
107100 7
107101 93
1071300 1
1071301 99
107200 1
107201 97
1072300 1
1072301 84
107300 1
107301 88
1073300 1
1073301 83
107400 1
107401 78
1074300 1
1074301 56
107500 4
107501 69
1075300 1
1075301 56
107600 7
107601 60
1076300 8
1076301 52
107700 32
107701 45
1077300 30
1077301 27
107800 35
107801 20
1078300 74
1078301 12
107900 80
107901 12
1079300 66
1079301 17
1071000 89
1071001 1
10710300 99
10710301 1
1071100 89
1071101 1
10711300 99
10711301 7
1111200 8
1111201 99
11112300 1
11112301 96
111100 6
111101 99
1111300 8
1111301 99
111200 6
111201 98
1112300 1
1112301 87
111300 1
111301 84
1113300 1
1113301 90
111400 1
111401 68
1114300 1
1114301 67
111500 1
111501 57
1115300 1
1115301 62
111600 11
111601 52
1116300 17
1116301 44
111700 28
111701 37
1117300 18
1117301 33
111800 40
111801 34
1118300 74
1118301 20
111900 76
111901 6
1119300 67
1119301 2
1111000 97
1111001 9
11110300 99
11110301 4
1111100 99
1111101 8
11111300 99
11111301 3
1121200 1
1121201 93
11212300 1
11212301 99
112100 1
112101 99
1121300 1
1121301 99
112200 6
112201 99
1122300 6
1122301 99
112300 1
112301 80
1123300 3
1123301 81
112400 1
112401 78
1124300 10
1124301 56
112500 17
112501 54
1125300 4
1125301 56
112600 7
112601 43
1126300 9
1126301 44
112700 18
112701 44
1127300 22
1127301 32
112800 32
112801 33
1128300 65
1128301 9
112900 78
112901 5
1129300 82
1129301 1
1121000 83
1121001 12
11210300 89
11210301 13
1121100 97
1121101 1
11211300 99
11211301 8
1131200 4
1131201 90
11312300 4
11312301 99
113100 1
113101 99
1131300 1
1131301 97
113200 1
113201 89
1132300 2
1132301 88
113300 1
113301 81
1133300 1
1133301 83
113400 4
113401 73
1134300 1
1134301 70
113500 13
113501 50
1135300 4
1135301 62
113600 1
113601 56
1136300 21
1136301 55
113700 16
113701 43
1137300 31
1137301 30
113800 36
113801 31
1138300 63
1138301 20
113900 77
113901 16
1139300 84
1139301 7
1131000 88
1131001 16
11310300 99
11310301 9
1131100 99
1131101 7
11311300 90
11311301 4
1141200 1
1141201 99
11412300 1
11412301 99
114100 5
114101 99
1141300 1
1141301 89
114200 4
114201 88
1142300 3
1142301 96
114300 1
114301 91
1143300 4
1143301 78
114400 7
114401 78
1144300 1
1144301 71
114500 16
114501 67
1145300 14
1145301 61
114600 3
114601 48
1146300 5
1146301 51
114700 35
114701 31
1147300 36
1147301 38
114800 33
114801 19
1148300 64
1148301 19
114900 66
114901 11
1149300 76
1149301 1
1141000 99
1141001 9
11410300 98
11410301 1
1141100 99
1141101 5
11411300 99
11411301 1
1151200 1
1151201 97
11512300 1
11512301 94
115100 1
115101 99
1151300 1
1151301 99
115200 9
115201 90
1152300 2
1152301 99
115300 1
115301 86
1153300 1
1153301 82
115400 1
115401 65
1154300 1
1154301 56
115500 9
115501 56
1155300 18
1155301 47
115600 9
115601 51
1156300 16
1156301 43
115700 29
115701 42
1157300 18
1157301 31
115800 46
115801 21
1158300 69
1158301 19
115900 68
115901 2
1159300 67
1159301 10
1151000 92
1151001 9
11510300 89
11510301 1
1151100 99
1151101 1
11511300 99
11511301 6
1161200 1
1161201 96
11612300 1
11612301 93
116100 2
116101 93
1161300 1
1161301 95
116200 4
116201 93
1162300 1
1162301 95
116300 4
116301 92
1163300 7
1163301 77
116400 1
116401 69
1164300 8
1164301 66
116500 1
116501 58
1165300 1
1165301 53
116600 4
116601 56
1166300 13
1166301 47
116700 30
116701 39
1167300 27
1167301 29
116800 35
116801 20
1168300 68
1168301 13
116900 66
116901 10
1169300 68
1169301 12
1161000 89
1161001 10
11610300 99
11610301 1
1161100 99
1161101 9
11611300 93
11611301 1
1171200 1
1171201 92
11712300 4
11712301 95
117100 1
117101 89
1171300 1
1171301 88
117200 1
117201 86
1172300 8
1172301 85
117300 7
117301 80
1173300 1
1173301 92
117400 1
117401 79
1174300 6
1174301 62
117500 10
117501 60
1175300 10
1175301 44
117600 13
117601 49
1176300 10
1176301 43
117700 29
117701 40
1177300 35
1177301 25
117800 42
117801 19
1178300 76
1178301 22
117900 66
117901 3
1179300 75
1179301 5
1171000 97
1171001 12
11710300 99
11710301 1
1171100 94
1171101 4
11711300 99
11711301 4
