011200 1
011201 99
0112300 6
0112301 98
01100 2
01101 91
011300 6
011301 97
01200 2
01201 89
012300 1
012301 93
01300 1
01301 92
013300 1
013301 89
01400 5
01401 73
014300 1
014301 57
01500 13
01501 55
015300 17
015301 54
01600 1
01601 55
016300 15
016301 56
01700 34
01701 41
017300 29
017301 33
01800 34
01801 27
018300 69
018301 21
01900 77
01901 8
019300 81
019301 6
011000 84
011001 1
0110300 89
0110301 9
011100 93
011101 5
0111300 89
0111301 6
021200 1
021201 95
0212300 1
0212301 92
02100 1
02101 97
021300 1
021301 96
02200 3
02201 94
022300 5
022301 94
02300 8
02301 84
023300 1
023301 88
02400 10
02401 80
024300 1
024301 59
02500 17
02501 56
025300 2
025301 60
02600 15
02601 45
026300 13
026301 57
02700 24
02701 32
027300 24
027301 27
02800 45
02801 21
028300 58
028301 18
02900 80
02901 7
029300 73
029301 7
021000 90
021001 4
0210300 99
0210301 9
021100 99
021101 1
0211300 99
0211301 3
031200 7
031201 92
0312300 2
0312301 97
03100 1
03101 98
031300 4
031301 99
03200 1
03201 99
032300 8
032301 98
03300 10
03301 84
033300 1
033301 76
03400 6
03401 68
034300 1
034301 56
03500 9
03501 66
035300 18
035301 58
03600 4
03601 50
036300 3
036301 55
03700 22
03701 45
037300 35
037301 34
03800 35
03801 23
038300 62
038301 17
03900 69
03901 20
039300 82
039301 6
031000 90
031001 3
0310300 88
0310301 13
031100 99
031101 13
0311300 95
0311301 1
041200 1
041201 99
0412300 7
0412301 99
04100 7
04101 99
041300 1
041301 98
04200 3
04201 99
042300 9
042301 98
04300 1
04301 89
043300 1
043301 91
04400 4
04401 63
044300 5
044301 63
04500 16
04501 56
045300 12
045301 52
04600 14
04601 46
046300 16
046301 43
04700 29
04701 42
047300 31
047301 38
04800 44
04801 26
048300 65
048301 13
04900 80
04901 20
049300 83
049301 13
041000 86
041001 11
0410300 99
0410301 10
041100 99
041101 1
0411300 99
0411301 1
051200 1
051201 89
0512300 1
0512301 98
05100 3
05101 99
051300 1
051301 94
05200 1
05201 91
052300 1
052301 81
05300 5
05301 86
053300 10
053301 77
05400 1
05401 71
054300 1
054301 54
05500 15
05501 62
055300 16
055301 50
05600 15
05601 52
056300 2
056301 46
05700 18
05701 39
057300 18
057301 39
05800 29
05801 35
058300 67
058301 4
05900 69
05901 14
059300 82
059301 8
051000 82
051001 3
0510300 99
0510301 7
051100 99
051101 4
0511300 99
0511301 1
061200 1
061201 99
0612300 9
0612301 91
06100 3
06101 99
061300 1
061301 92
06200 1
06201 93
062300 6
062301 81
06300 1
06301 95
063300 8
063301 85
06400 1
06401 66
064300 11
064301 68
06500 5
06501 66
065300 1
065301 48
06600 3
06601 42
066300 16
066301 52
06700 31
06701 50
067300 32
067301 30
06800 34
06801 20
068300 76
068301 22
06900 69
06901 18
069300 85
069301 11
061000 94
061001 6
0610300 86
0610301 10
061100 99
061101 11
0611300 99
0611301 9
071200 1
071201 92
0712300 1
0712301 98
07100 1
07101 87
071300 7
071301 98
07200 1
07201 96
072300 1
072301 85
07300 6
07301 84
073300 1
073301 88
07400 4
07401 79
074300 1
074301 63
07500 15
07501 63
075300 6
075301 53
07600 3
07601 54
076300 6
076301 49
07700 28
07701 38
077300 32
077301 35
07800 42
07801 34
078300 69
078301 20
07900 72
07901 1
079300 69
079301 5
071000 95
071001 4
0710300 99
0710301 1
071100 99
071101 1
0711300 99
0711301 12
111200 4
111201 99
1112300 7
1112301 94
11100 1
11101 91
111300 10
111301 99
11200 5
11201 97
112300 3
112301 93
11300 1
11301 96
113300 1
113301 79
11400 1
11401 73
114300 1
114301 60
11500 15
11501 55
115300 9
115301 48
11600 1
11601 59
116300 16
116301 48
11700 33
11701 45
117300 18
117301 29
11800 39
11801 20
118300 60
118301 11
11900 75
11901 9
119300 84
119301 3
111000 94
111001 1
1110300 97
1110301 1
111100 94
111101 11
1111300 99
1111301 1
121200 4
121201 99
1212300 1
1212301 91
12100 1
12101 99
121300 7
121301 98
12200 1
12201 99
122300 9
122301 95
12300 6
12301 86
123300 9
123301 91
12400 3
12401 80
124300 11
124301 70
12500 16
12501 65
125300 5
125301 61
12600 8
12601 59
126300 14
126301 51
12700 20
12701 35
127300 23
127301 27
12800 30
12801 24
128300 63
128301 17
12900 71
12901 2
129300 73
129301 3
121000 93
121001 13
1210300 96
1210301 1
121100 99
121101 1
1211300 99
1211301 5
131200 9
131201 99
1312300 3
1312301 99
13100 4
13101 94
131300 2
131301 92
13200 1
13201 95
132300 1
132301 97
13300 4
13301 90
133300 7
133301 77
13400 6
13401 72
134300 4
134301 56
13500 1
13501 52
135300 6
135301 46
13600 16
13601 52
136300 14
136301 46
13700 25
13701 37
137300 30
137301 26
13800 39
13801 31
138300 60
138301 17
13900 80
13901 1
139300 71
139301 6
131000 86
131001 7
1310300 88
1310301 1
131100 94
131101 1
1311300 92
1311301 4
141200 1
141201 99
1412300 7
1412301 99
14100 1
14101 99
141300 1
141301 91
14200 1
14201 91
142300 1
142301 88
14300 1
14301 82
143300 1
143301 84
14400 9
14401 71
144300 3
144301 55
14500 8
14501 52
145300 12
145301 59
14600 4
14601 45
146300 4
146301 47
14700 30
14701 36
147300 25
147301 35
14800 37
14801 28
148300 66
148301 15
14900 78
14901 17
149300 75
149301 15
141000 94
141001 5
1410300 96
1410301 5
141100 99
141101 8
1411300 99
1411301 1
151200 3
151201 98
1512300 4
1512301 94
15100 2
15101 99
151300 1
151301 88
15200 1
15201 92
152300 1
152301 91
15300 3
15301 92
153300 3
153301 79
15400 4
15401 77
154300 1
154301 71
15500 1
15501 54
155300 5
155301 63
15600 9
15601 48
156300 7
156301 44
15700 30
15701 50
157300 35
157301 42
15800 47
15801 23
158300 64
158301 8
15900 65
15901 4
159300 74
159301 3
151000 83
151001 16
1510300 90
1510301 14
151100 99
151101 3
1511300 95
1511301 7
161200 1
161201 99
1612300 2
1612301 95
16100 1
16101 95
161300 1
161301 97
16200 3
16201 89
162300 1
162301 96
16300 1
16301 77
163300 1
163301 77
16400 1
16401 67
164300 1
164301 57
16500 11
16501 59
165300 17
165301 48
16600 1
16601 43
166300 16
166301 55
16700 30
16701 47
167300 30
167301 38
16800 43
16801 18
168300 71
168301 12
16900 78
16901 17
169300 83
169301 1
161000 85
161001 12
1610300 98
1610301 13
161100 97
161101 3
1611300 90
1611301 1
171200 2
171201 89
1712300 2
1712301 99
17100 1
17101 98
171300 4
171301 92
17200 10
17201 95
172300 9
172301 97
17300 8
17301 84
173300 6
173301 78
17400 4
17401 67
174300 11
174301 56
17500 1
17501 62
175300 9
175301 54
17600 13
17601 46
176300 8
176301 39
17700 34
17701 39
177300 36
177301 32
17800 34
17801 18
178300 66
178301 18
17900 73
17901 12
179300 85
179301 8
171000 93
171001 8
1710300 90
1710301 12
171100 99
171101 1
1711300 93
1711301 1
211200 1
211201 99
2112300 2
2112301 98
21100 1
21101 97
211300 1
211301 88
21200 1
21201 96
212300 4
212301 92
21300 8
21301 83
213300 5
213301 74
21400 5
21401 66
214300 7
214301 57
21500 6
21501 66
215300 7
215301 56
21600 8
21601 54
216300 8
216301 42
21700 32
21701 47
217300 23
217301 30
21800 36
21801 32
218300 64
218301 6
21900 65
21901 12
219300 77
219301 7
211000 86
211001 4
2110300 91
2110301 1
211100 99
211101 5
2111300 92
2111301 1
221200 1
221201 99
2212300 8
2212301 99
22100 4
22101 99
221300 1
221301 89
22200 3
22201 89
222300 1
222301 93
22300 3
22301 90
223300 6
223301 87
22400 1
22401 70
224300 1
224301 60
22500 11
22501 68
225300 16
225301 48
22600 2
22601 49
226300 7
226301 54
22700 21
22701 34
227300 25
227301 38
22800 46
22801 31
228300 59
228301 22
22900 74
22901 3
229300 85
229301 1
221000 99
221001 14
2210300 99
2210301 2
221100 89
221101 11
2211300 99
2211301 11
231200 1
231201 99
2312300 4
2312301 97
23100 1
23101 92
231300 1
231301 95
23200 1
23201 84
232300 7
232301 92
23300 1
23301 95
233300 1
233301 84
23400 6
23401 70
234300 1
234301 54
23500 12
23501 61
235300 1
235301 48
23600 1
23601 54
236300 18
236301 56
23700 32
23701 39
237300 22
237301 42
23800 33
23801 22
238300 77
238301 19
23900 80
23901 13
239300 72
239301 3
231000 96
231001 1
2310300 99
2310301 1
231100 99
231101 1
2311300 99
2311301 1
241200 9
241201 90
2412300 10
2412301 99
24100 1
24101 97
241300 1
241301 89
24200 1
24201 95
242300 1
242301 83
24300 1
24301 86
243300 1
243301 92
24400 1
24401 81
244300 3
244301 68
24500 9
24501 68
245300 13
245301 63
24600 10
24601 59
246300 21
246301 47
24700 18
24701 32
247300 24
247301 31
24800 38
24801 31
248300 58
248301 21
24900 71
24901 18
249300 66
249301 1
241000 92
241001 14
2410300 97
2410301 1
241100 99
241101 1
2411300 99
2411301 1
251200 1
251201 99
2512300 4
2512301 99
25100 1
25101 99
251300 10
251301 97
25200 1
25201 93
252300 1
252301 90
25300 8
25301 90
253300 10
253301 83
25400 1
25401 77
254300 1
254301 54
25500 10
25501 54
255300 7
255301 55
25600 10
25601 41
256300 8
256301 40
25700 17
25701 47
257300 17
257301 29
25800 42
25801 34
258300 63
258301 10
25900 67
25901 17
259300 74
259301 1
251000 96
251001 6
2510300 99
2510301 1
251100 98
251101 11
2511300 90
2511301 1
261200 8
261201 91
2612300 10
2612301 99
26100 8
26101 99
261300 2
261301 93
26200 2
26201 89
262300 1
262301 96
26300 7
26301 87
263300 1
263301 75
26400 1
26401 63
264300 4
264301 53
26500 17
26501 62
265300 2
265301 58
26600 8
26601 57
266300 7
266301 48
26700 28
26701 32
267300 24
267301 27
26800 44
26801 36
268300 58
268301 6
26900 76
26901 17
269300 69
269301 7
261000 92
261001 14
2610300 88
2610301 8
261100 99
261101 12
2611300 99
2611301 1
271200 1
271201 90
2712300 1
2712301 91
27100 1
27101 99
271300 3
271301 89
27200 3
27201 84
272300 1
272301 97
27300 1
27301 89
273300 1
273301 77
27400 1
27401 80
274300 4
274301 59
27500 13
27501 63
275300 12
275301 60
27600 3
27601 60
276300 8
276301 58
27700 35
27701 49
277300 19
277301 30
27800 44
27801 30
278300 74
278301 3
27900 77
27901 12
279300 79
279301 16
271000 97
271001 4
2710300 92
2710301 13
271100 99
271101 1
2711300 94
2711301 1
311200 1
311201 90
3112300 1
3112301 99
31100 1
31101 96
311300 5
311301 92
31200 8
31201 93
312300 1
312301 98
31300 1
31301 96
313300 1
313301 92
31400 3
31401 67
314300 4
314301 56
31500 5
31501 63
315300 17
315301 46
31600 2
31601 57
316300 9
316301 54
31700 31
31701 43
317300 18
317301 37
31800 46
31801 27
318300 72
318301 3
31900 65
31901 6
319300 84
319301 6
311000 89
311001 15
3110300 89
3110301 11
311100 99
311101 6
3111300 96
3111301 1
321200 2
321201 99
3212300 6
3212301 99
32100 6
32101 92
321300 1
321301 90
32200 1
32201 88
322300 10
322301 84
32300 1
32301 87
323300 6
323301 88
32400 1
32401 66
324300 1
324301 64
32500 1
32501 64
325300 7
325301 60
32600 1
32601 56
326300 2
326301 55
32700 29
32701 41
327300 28
327301 26
32800 44
32801 28
328300 60
328301 4
32900 75
32901 7
329300 84
329301 2
321000 82
321001 5
3210300 99
3210301 1
321100 92
321101 1
3211300 91
3211301 1
331200 5
331201 99
3312300 6
3312301 99
33100 6
33101 99
331300 1
331301 99
33200 1
33201 94
332300 10
332301 90
33300 1
33301 87
333300 1
333301 74
33400 2
33401 71
334300 11
334301 62
33500 4
33501 58
335300 12
335301 59
33600 1
33601 46
336300 4
336301 41
33700 33
33701 47
337300 21
337301 24
33800 34
33801 36
338300 68
338301 21
33900 79
33901 17
339300 85
339301 8
331000 82
331001 4
3310300 90
3310301 11
331100 99
331101 4
3311300 99
3311301 12
341200 1
341201 99
3412300 1
3412301 92
34100 4
34101 87
341300 2
341301 96
34200 1
34201 87
342300 1
342301 86
34300 3
34301 85
343300 2
343301 88
34400 1
34401 66
344300 4
344301 57
34500 3
34501 65
345300 9
345301 50
34600 1
34601 46
346300 2
346301 53
34700 27
34701 42
347300 19
347301 42
34800 40
34801 21
348300 74
348301 3
34900 64
34901 14
349300 82
349301 16
341000 99
341001 1
3410300 91
3410301 3
341100 99
341101 3
3411300 98
3411301 11
351200 1
351201 99
3512300 2
3512301 92
35100 1
35101 99
351300 4
351301 92
35200 6
35201 95
352300 1
352301 82
35300 1
35301 78
353300 1
353301 77
35400 3
35401 64
354300 5
354301 57
35500 3
35501 56
355300 1
355301 48
35600 16
35601 48
356300 6
356301 43
35700 21
35701 32
357300 22
357301 42
35800 42
35801 22
358300 66
358301 8
35900 71
35901 15
359300 80
359301 1
351000 83
351001 3
3510300 99
3510301 1
351100 99
351101 9
3511300 89
3511301 7
361200 1
361201 96
3612300 1
3612301 95
36100 10
36101 89
361300 1
361301 99
36200 3
36201 96
362300 1
362301 87
36300 1
36301 84
363300 1
363301 89
36400 1
36401 74
364300 8
364301 58
36500 1
36501 66
365300 17
365301 51
36600 9
36601 42
366300 18
366301 39
36700 17
36701 33
367300 26
367301 39
36800 44
36801 23
368300 75
368301 10
36900 65
36901 11
369300 76
369301 11
361000 93
361001 9
3610300 90
3610301 13
361100 97
361101 4
3611300 89
3611301 1
371200 4
371201 97
3712300 1
3712301 99
37100 1
37101 96
371300 8
371301 95
37200 1
37201 83
372300 7
372301 88
37300 1
37301 91
373300 1
373301 89
37400 9
37401 77
374300 1
374301 72
37500 14
37501 65
375300 15
375301 53
37600 7
37601 50
376300 19
376301 56
37700 34
37701 37
377300 20
377301 31
37800 36
37801 22
378300 58
378301 10
37900 71
37901 16
379300 70
379301 1
371000 82
371001 11
3710300 99
3710301 4
371100 92
371101 4
3711300 89
3711301 6
411200 5
411201 89
4112300 1
4112301 97
41100 7
41101 90
411300 1
411301 97
41200 1
41201 91
412300 5
412301 86
41300 3
41301 77
413300 7
413301 78
41400 10
41401 76
414300 1
414301 67
41500 14
41501 52
415300 1
415301 49
41600 1
41601 43
416300 16
416301 41
41700 28
41701 37
417300 35
417301 32
41800 31
41801 31
418300 67
418301 19
41900 72
41901 18
419300 82
419301 14
411000 91
411001 8
4110300 99
4110301 10
411100 89
411101 8
4111300 99
4111301 4
421200 1
421201 95
4212300 1
4212301 95
42100 4
42101 96
421300 7
421301 99
42200 8
42201 89
422300 4
422301 82
42300 2
42301 78
423300 6
423301 75
42400 1
42401 77
424300 1
424301 54
42500 1
42501 64
425300 16
425301 61
42600 8
42601 48
426300 11
426301 56
42700 32
42701 40
427300 24
427301 37
42800 30
42801 20
428300 77
428301 12
42900 72
42901 16
429300 80
429301 5
421000 85
421001 16
4210300 92
4210301 7
421100 99
421101 13
4211300 99
4211301 1
431200 4
431201 98
4312300 1
4312301 99
43100 9
43101 92
431300 1
431301 90
43200 1
43201 93
432300 1
432301 99
43300 1
43301 89
433300 1
433301 87
43400 1
43401 70
434300 3
434301 55
43500 15
43501 50
435300 16
435301 56
43600 14
43601 41
436300 19
436301 51
43700 30
43701 36
437300 24
437301 31
43800 47
43801 29
438300 73
438301 10
43900 74
43901 17
439300 67
439301 16
431000 92
431001 13
4310300 95
4310301 3
431100 97
431101 1
4311300 99
4311301 1
441200 1
441201 99
4412300 10
4412301 97
44100 1
44101 93
441300 3
441301 93
44200 1
44201 84
442300 1
442301 83
44300 9
44301 95
443300 1
443301 81
44400 1
44401 78
444300 1
444301 65
44500 11
44501 69
445300 1
445301 50
44600 8
44601 52
446300 12
446301 55
44700 26
44701 39
447300 23
447301 27
44800 38
44801 19
448300 68
448301 5
44900 73
44901 9
449300 74
449301 1
441000 84
441001 2
4410300 98
4410301 9
441100 99
441101 1
4411300 99
4411301 1
451200 1
451201 96
4512300 3
4512301 92
45100 3
45101 99
451300 6
451301 97
45200 1
45201 90
452300 1
452301 81
45300 6
45301 93
453300 6
453301 87
45400 1
45401 73
454300 5
454301 58
45500 17
45501 59
455300 10
455301 58
45600 7
45601 46
456300 19
456301 40
45700 30
45701 50
457300 18
457301 26
45800 30
45801 30
458300 59
458301 13
45900 75
45901 15
459300 79
459301 16
451000 95
451001 16
4510300 99
4510301 1
451100 90
451101 7
4511300 94
4511301 1
461200 5
461201 98
4612300 1
4612301 89
46100 1
46101 92
461300 1
461301 97
46200 1
46201 85
462300 1
462301 85
46300 1
46301 79
463300 1
463301 87
46400 7
46401 66
464300 2
464301 69
46500 6
46501 65
465300 6
465301 48
46600 7
46601 60
466300 19
466301 39
46700 19
46701 42
467300 18
467301 30
46800 30
46801 28
468300 70
468301 7
46900 80
46901 14
469300 82
469301 7
461000 99
461001 10
4610300 89
4610301 7
461100 94
461101 7
4611300 99
4611301 3
471200 7
471201 96
4712300 1
4712301 99
47100 1
47101 95
471300 3
471301 99
47200 7
47201 97
472300 1
472301 99
47300 5
47301 92
473300 10
473301 87
47400 3
47401 62
474300 1
474301 58
47500 17
47501 63
475300 3
475301 58
47600 3
47601 60
476300 12
476301 47
47700 28
47701 47
477300 23
477301 38
47800 43
47801 26
478300 61
478301 8
47900 63
47901 18
479300 82
479301 3
471000 94
471001 13
4710300 99
4710301 10
471100 99
471101 1
4711300 97
4711301 9
511200 4
511201 99
5112300 1
5112301 99
51100 1
51101 99
511300 9
511301 89
51200 10
51201 95
512300 1
512301 83
51300 1
51301 84
513300 3
513301 93
51400 10
51401 74
514300 1
514301 68
51500 15
51501 62
515300 15
515301 54
51600 7
51601 42
516300 17
516301 48
51700 18
51701 47
517300 26
517301 41
51800 37
51801 28
518300 77
518301 10
51900 73
51901 17
519300 70
519301 14
511000 83
511001 1
5110300 89
5110301 1
511100 99
511101 7
5111300 95
5111301 1
521200 3
521201 92
5212300 6
5212301 94
52100 1
52101 99
521300 1
521301 88
52200 1
52201 89
522300 1
522301 99
52300 1
52301 81
523300 7
523301 81
52400 1
52401 64
524300 5
524301 66
52500 15
52501 61
525300 7
525301 54
52600 14
52601 58
526300 5
526301 43
52700 28
52701 37
527300 28
527301 28
52800 40
52801 21
528300 61
528301 8
52900 66
52901 17
529300 71
529301 13
521000 84
521001 4
5210300 90
5210301 4
521100 98
521101 1
5211300 99
5211301 1
531200 1
531201 92
5312300 1
5312301 97
53100 1
53101 93
531300 7
531301 94
53200 4
53201 97
532300 1
532301 99
53300 1
53301 83
533300 7
533301 86
53400 9
53401 70
534300 7
534301 63
53500 3
53501 60
535300 15
535301 62
53600 3
53601 45
536300 6
536301 41
53700 35
53701 38
537300 27
537301 28
53800 38
53801 18
538300 69
538301 3
53900 69
53901 10
539300 77
539301 14
531000 97
531001 15
5310300 99
5310301 1
531100 99
531101 1
5311300 93
5311301 3
541200 1
541201 91
5412300 3
5412301 99
54100 1
54101 99
541300 3
541301 99
54200 1
54201 88
542300 7
542301 89
54300 10
54301 92
543300 9
543301 83
54400 1
54401 76
544300 2
544301 69
54500 11
54501 56
545300 12
545301 55
54600 8
54601 52
546300 15
546301 48
54700 21
54701 35
547300 31
547301 36
54800 48
54801 30
548300 61
548301 8
54900 75
54901 19
549300 83
549301 16
541000 90
541001 3
5410300 95
5410301 4
541100 90
541101 7
5411300 99
5411301 10
551200 2
551201 99
5512300 1
5512301 98
55100 1
55101 93
551300 6
551301 89
55200 1
55201 94
552300 2
552301 97
55300 1
55301 94
553300 10
553301 75
55400 3
55401 81
554300 1
554301 66
55500 1
55501 64
555300 11
555301 58
55600 3
55601 56
556300 13
556301 51
55700 22
55701 31
557300 21
557301 41
55800 38
55801 27
558300 69
558301 18
55900 76
55901 20
559300 78
559301 15
551000 90
551001 1
5510300 99
5510301 1
551100 99
551101 1
5511300 99
5511301 12
561200 5
561201 99
5612300 1
5612301 99
56100 1
56101 99
561300 10
561301 90
56200 10
56201 94
562300 4
562301 95
56300 1
56301 90
563300 9
563301 83
56400 1
56401 79
564300 4
564301 63
56500 5
56501 56
565300 12
565301 46
56600 4
56601 53
566300 10
566301 47
56700 26
56701 42
567300 29
567301 42
56800 36
56801 35
568300 68
568301 6
56900 73
56901 10
569300 71
569301 8
561000 93
561001 1
5610300 86
5610301 11
561100 99
561101 3
5611300 92
5611301 1
571200 7
571201 99
5712300 1
5712301 92
57100 3
57101 99
571300 1
571301 87
57200 1
57201 91
572300 3
572301 85
57300 4
57301 81
573300 8
573301 75
57400 1
57401 62
574300 1
574301 56
57500 4
57501 68
575300 9
575301 51
57600 13
57601 47
576300 11
576301 58
57700 23
57701 35
577300 26
577301 25
57800 40
57801 18
578300 61
578301 11
57900 71
57901 19
579300 81
579301 5
571000 90
571001 15
5710300 99
5710301 1
571100 93
571101 7
5711300 98
5711301 11
611200 1
611201 98
6112300 1
6112301 93
61100 1
61101 99
611300 5
611301 99
61200 6
61201 95
612300 1
612301 86
61300 1
61301 89
613300 1
613301 92
61400 1
61401 74
614300 8
614301 57
61500 9
61501 63
615300 4
615301 53
61600 14
61601 46
616300 3
616301 58
61700 32
61701 31
617300 28
617301 32
61800 42
61801 30
618300 60
618301 18
61900 79
61901 12
619300 67
619301 7
611000 84
611001 9
6110300 92
6110301 1
611100 96
611101 13
6111300 99
6111301 7
621200 1
621201 99
6212300 5
6212301 93
62100 1
62101 90
621300 1
621301 95
62200 1
62201 95
622300 1
622301 86
62300 7
62301 92
623300 1
623301 76
62400 4
62401 67
624300 3
624301 63
62500 8
62501 56
625300 8
625301 59
62600 3
62601 58
626300 3
626301 40
62700 22
62701 36
627300 36
627301 42
62800 46
62801 24
628300 74
628301 11
62900 82
62901 12
629300 71
629301 1
621000 89
621001 12
6210300 95
6210301 13
621100 99
621101 1
6211300 91
6211301 4
631200 9
631201 99
6312300 8
6312301 98
63100 1
63101 89
631300 1
631301 93
63200 4
63201 98
632300 1
632301 91
63300 2
63301 87
633300 1
633301 75
63400 1
63401 66
634300 4
634301 64
63500 1
63501 63
635300 15
635301 46
63600 1
63601 48
636300 21
636301 48
63700 18
63701 39
637300 26
637301 26
63800 46
63801 21
638300 68
638301 5
63900 65
63901 12
639300 83
639301 1
631000 88
631001 8
6310300 99
6310301 9
631100 99
631101 9
6311300 97
6311301 1
641200 1
641201 99
6412300 1
6412301 99
64100 9
64101 92
641300 10
641301 99
64200 1
64201 99
642300 1
642301 90
64300 1
64301 93
643300 5
643301 80
64400 9
64401 62
644300 1
644301 70
64500 2
64501 52
645300 18
645301 63
64600 6
64601 42
646300 19
646301 47
64700 20
64701 46
647300 29
647301 29
64800 42
64801 29
648300 59
648301 13
64900 74
64901 14
649300 69
649301 6
641000 92
641001 2
6410300 97
6410301 1
641100 99
641101 12
6411300 93
6411301 6
651200 3
651201 97
6512300 4
6512301 98
65100 8
65101 94
651300 1
651301 92
65200 9
65201 85
652300 1
652301 83
65300 1
65301 80
653300 1
653301 88
65400 1
65401 70
654300 4
654301 72
65500 2
65501 54
655300 1
655301 59
65600 7
65601 56
656300 7
656301 39
65700 31
65701 35
657300 24
657301 30
65800 29
65801 19
658300 61
658301 18
65900 75
65901 6
659300 82
659301 2
651000 96
651001 1
6510300 99
6510301 6
651100 91
651101 10
6511300 99
6511301 1
661200 1
661201 99
6612300 1
6612301 98
66100 1
66101 99
661300 1
661301 99
66200 1
66201 98
662300 1
662301 92
66300 1
66301 84
663300 1
663301 79
66400 1
66401 68
664300 3
664301 60
66500 1
66501 56
665300 14
665301 61
66600 8
66601 42
666300 8
666301 55
66700 23
66701 34
667300 26
667301 27
66800 45
66801 29
668300 64
668301 7
66900 64
66901 4
669300 74
669301 6
661000 91
661001 14
6610300 99
6610301 5
661100 99
661101 3
6611300 97
6611301 2
671200 10
671201 95
6712300 1
6712301 91
67100 9
67101 99
671300 1
671301 96
67200 9
67201 87
672300 9
672301 96
67300 1
67301 91
673300 1
673301 80
67400 1
67401 78
674300 1
674301 55
67500 10
67501 52
675300 18
675301 50
67600 2
67601 41
676300 21
676301 48
67700 24
67701 32
677300 28
677301 28
67800 33
67801 20
678300 62
678301 5
67900 69
67901 9
679300 75
679301 1
671000 89
671001 15
6710300 99
6710301 1
671100 96
671101 2
6711300 99
6711301 5
711200 1
711201 99
7112300 1
7112301 98
71100 1
71101 90
711300 1
711301 95
71200 5
71201 91
712300 1
712301 83
71300 3
71301 85
713300 1
713301 88
71400 1
71401 68
714300 7
714301 58
71500 2
71501 58
715300 5
715301 47
71600 13
71601 59
716300 12
716301 42
71700 16
71701 33
717300 30
717301 37
71800 31
71801 32
718300 64
718301 14
71900 79
71901 8
719300 74
719301 2
711000 98
711001 1
7110300 92
7110301 8
711100 99
711101 11
7111300 94
7111301 3
721200 5
721201 89
7212300 2
7212301 99
72100 1
72101 94
721300 5
721301 88
72200 1
72201 86
722300 4
722301 99
72300 5
72301 88
723300 6
723301 89
72400 1
72401 73
724300 7
724301 70
72500 10
72501 64
725300 10
725301 61
72600 11
72601 56
726300 19
726301 50
72700 34
72701 47
727300 31
727301 24
72800 39
72801 20
728300 75
728301 4
72900 80
72901 9
729300 66
729301 10
721000 83
721001 12
7210300 88
7210301 1
721100 99
721101 1
7211300 99
7211301 5
731200 1
731201 99
7312300 1
7312301 89
73100 1
73101 91
731300 1
731301 97
73200 5
73201 84
732300 4
732301 95
73300 6
73301 77
733300 8
733301 91
73400 1
73401 66
734300 1
734301 64
73500 7
73501 54
735300 1
735301 50
73600 18
73601 41
736300 12
736301 44
73700 24
73701 42
737300 22
737301 41
73800 47
73801 24
738300 70
738301 19
73900 71
73901 20
739300 77
739301 16
731000 97
731001 14
7310300 99
7310301 1
731100 91
731101 1
7311300 90
7311301 3
741200 1
741201 96
7412300 1
7412301 99
74100 1
74101 91
741300 7
741301 91
74200 1
74201 83
742300 1
742301 90
74300 1
74301 87
743300 1
743301 82
74400 6
74401 73
744300 1
744301 59
74500 1
74501 53
745300 7
745301 49
74600 4
74601 52
746300 9
746301 39
74700 30
74701 34
747300 28
747301 26
74800 32
74801 21
748300 68
748301 6
74900 77
74901 13
749300 84
749301 1
741000 98
741001 14
7410300 99
7410301 14
741100 99
741101 1
7411300 99
7411301 8
751200 1
751201 99
7512300 1
7512301 99
75100 1
75101 94
751300 1
751301 96
75200 2
75201 99
752300 6
752301 86
75300 1
75301 87
753300 4
753301 82
75400 6
75401 63
754300 1
754301 59
75500 2
75501 68
755300 5
755301 55
75600 1
75601 44
756300 15
756301 42
75700 23
75701 37
757300 20
757301 27
75800 48
75801 21
758300 72
758301 17
75900 66
75901 1
759300 78
759301 1
751000 82
751001 3
7510300 94
7510301 12
751100 91
751101 1
7511300 94
7511301 1
761200 6
761201 91
7612300 1
7612301 99
76100 8
76101 90
761300 5
761301 99
76200 1
76201 99
762300 1
762301 99
76300 1
76301 87
763300 1
763301 87
76400 1
76401 66
764300 4
764301 54
76500 15
76501 69
765300 18
765301 60
76600 4
76601 45
766300 15
766301 55
76700 21
76701 50
767300 30
767301 33
76800 38
76801 17
768300 77
768301 13
76900 70
76901 1
769300 80
769301 14
761000 85
761001 2
7610300 99
7610301 10
761100 90
761101 13
7611300 92
7611301 9
771200 7
771201 93
7712300 1
7712301 90
77100 4
77101 90
771300 1
771301 89
77200 7
77201 99
772300 1
772301 96
77300 5
77301 96
773300 4
773301 92
77400 6
77401 67
774300 9
774301 72
77500 1
77501 63
775300 8
775301 46
77600 2
77601 55
776300 12
776301 47
77700 35
77701 38
777300 26
777301 39
77800 29
77801 19
778300 60
778301 4
77900 78
77901 6
779300 75
779301 1
771000 91
771001 1
7710300 90
7710301 4
771100 97
771101 7
7711300 99
7711301 1
811200 8
811201 90
8112300 7
8112301 93
81100 6
81101 95
811300 3
811301 90
81200 3
81201 89
812300 1
812301 84
81300 4
81301 84
813300 1
813301 87
81400 1
81401 66
814300 1
814301 58
81500 14
81501 53
815300 1
815301 60
81600 17
81601 53
816300 2
816301 57
81700 25
81701 48
817300 24
817301 29
81800 40
81801 34
818300 69
818301 17
81900 63
81901 18
819300 81
819301 11
811000 91
811001 16
8110300 99
8110301 4
811100 94
811101 13
8111300 98
8111301 6
821200 1
821201 99
8212300 1
8212301 99
82100 4
82101 99
821300 4
821301 98
82200 1
82201 95
822300 1
822301 98
82300 9
82301 88
823300 7
823301 93
82400 4
82401 63
824300 6
824301 55
82500 1
82501 51
825300 15
825301 56
82600 7
82601 48
826300 12
826301 40
82700 34
82701 37
827300 23
827301 23
82800 43
82801 35
828300 71
828301 21
82900 69
82901 18
829300 77
829301 11
821000 90
821001 9
8210300 89
8210301 4
821100 92
821101 12
8211300 99
8211301 8
831200 4
831201 99
8312300 1
8312301 99
83100 7
83101 92
831300 7
831301 86
83200 1
83201 99
832300 8
832301 99
83300 1
83301 88
833300 1
833301 76
83400 1
83401 79
834300 8
834301 58
83500 13
83501 57
835300 18
835301 47
83600 2
83601 52
836300 11
836301 49
83700 27
83701 36
837300 17
837301 32
83800 32
83801 29
838300 69
838301 6
83900 68
83901 3
839300 78
839301 4
831000 89
831001 2
8310300 90
8310301 6
831100 90
831101 1
8311300 99
8311301 11
841200 1
841201 99
8412300 1
8412301 97
84100 7
84101 99
841300 4
841301 99
84200 1
84201 85
842300 3
842301 94
84300 10
84301 85
843300 1
843301 91
84400 1
84401 71
844300 1
844301 57
84500 4
84501 54
845300 9
845301 51
84600 14
84601 44
846300 11
846301 56
84700 16
84701 48
847300 31
847301 24
84800 48
84801 27
848300 58
848301 21
84900 79
84901 3
849300 73
849301 17
841000 88
841001 12
8410300 99
8410301 9
841100 98
841101 7
8411300 99
8411301 1
851200 10
851201 99
8512300 1
8512301 99
85100 1
85101 97
851300 1
851301 95
85200 1
85201 84
852300 1
852301 94
85300 10
85301 81
853300 1
853301 91
85400 9
85401 64
854300 1
854301 68
85500 14
85501 62
855300 15
855301 63
85600 13
85601 50
856300 18
856301 45
85700 32
85701 41
857300 18
857301 38
85800 36
85801 25
858300 60
858301 17
85900 77
85901 2
859300 71
859301 1
851000 99
851001 2
8510300 92
8510301 1
851100 99
851101 13
8511300 99
8511301 1
861200 3
861201 99
8612300 1
8612301 96
86100 6
86101 90
861300 1
861301 99
86200 6
86201 98
862300 3
862301 98
86300 1
86301 89
863300 1
863301 90
86400 1
86401 80
864300 3
864301 59
86500 10
86501 65
865300 11
865301 49
86600 13
86601 49
866300 4
866301 51
86700 32
86701 34
867300 28
867301 37
86800 47
86801 36
868300 66
868301 6
86900 74
86901 17
869300 85
869301 11
861000 83
861001 8
8610300 99
8610301 9
861100 93
861101 1
8611300 97
8611301 9
871200 10
871201 89
8712300 8
8712301 99
87100 10
87101 94
871300 1
871301 99
87200 1
87201 85
872300 1
872301 83
87300 8
87301 86
873300 1
873301 86
87400 1
87401 76
874300 1
874301 56
87500 2
87501 58
875300 17
875301 56
87600 5
87601 56
876300 7
876301 49
87700 23
87701 48
877300 21
877301 30
87800 34
87801 29
878300 73
878301 16
87900 71
87901 16
879300 72
879301 4
871000 81
871001 1
8710300 92
8710301 10
871100 94
871101 1
8711300 99
8711301 1
911200 6
911201 99
9112300 1
9112301 95
91100 1
91101 88
911300 10
911301 99
91200 1
91201 91
912300 4
912301 91
91300 1
91301 81
913300 1
913301 77
91400 5
91401 76
914300 4
914301 55
91500 10
91501 57
915300 17
915301 51
91600 6
91601 58
916300 17
916301 58
91700 33
91701 46
917300 30
917301 35
91800 41
91801 35
918300 63
918301 22
91900 77
91901 4
919300 80
919301 12
911000 95
911001 3
9110300 94
9110301 7
911100 99
911101 3
9111300 92
9111301 1
921200 5
921201 99
9212300 2
9212301 93
92100 1
92101 99
921300 1
921301 89
92200 5
92201 99
922300 2
922301 92
92300 1
92301 91
923300 1
923301 74
92400 1
92401 74
924300 1
924301 68
92500 14
92501 63
925300 11
925301 52
92600 14
92601 55
926300 12
926301 55
92700 24
92701 50
927300 29
927301 38
92800 38
92801 34
928300 60
928301 19
92900 76
92901 17
929300 71
929301 14
921000 99
921001 1
9210300 99
9210301 12
921100 99
921101 1
9211300 91
9211301 1
931200 1
931201 99
9312300 8
9312301 99
93100 6
93101 96
931300 1
931301 94
93200 5
93201 98
932300 5
932301 86
93300 7
93301 93
933300 10
933301 81
93400 1
93401 63
934300 3
934301 54
93500 6
93501 68
935300 9
935301 59
93600 14
93601 60
936300 2
936301 53
93700 34
93701 45
937300 29
937301 37
93800 29
93801 30
938300 67
938301 14
93900 69
93901 12
939300 81
939301 2
931000 91
931001 12
9310300 99
9310301 4
931100 99
931101 1
9311300 90
9311301 1
941200 1
941201 90
9412300 1
9412301 96
94100 2
94101 99
941300 1
941301 89
94200 9
94201 98
942300 6
942301 89
94300 1
94301 82
943300 1
943301 83
94400 1
94401 68
944300 1
944301 63
94500 1
94501 68
945300 16
945301 44
94600 2
94601 41
946300 9
946301 53
94700 23
94701 47
947300 32
947301 29
94800 45
94801 35
948300 58
948301 7
94900 72
94901 19
949300 79
949301 1
941000 83
941001 9
9410300 99
9410301 11
941100 97
941101 6
9411300 99
9411301 2
951200 1
951201 95
9512300 1
9512301 92
95100 9
95101 99
951300 1
951301 99
95200 1
95201 95
952300 1
952301 99
95300 10
95301 88
953300 1
953301 86
95400 2
95401 72
954300 4
954301 53
95500 16
95501 50
955300 11
955301 63
95600 17
95601 56
956300 21
956301 45
95700 28
95701 43
957300 18
957301 42
95800 39
95801 22
958300 77
958301 7
95900 64
95901 13
959300 67
959301 17
951000 95
951001 1
9510300 93
9510301 2
951100 99
951101 1
9511300 91
9511301 10
961200 1
961201 91
9612300 1
9612301 95
96100 9
96101 99
961300 6
961301 99
96200 1
96201 86
962300 1
962301 95
96300 1
96301 95
963300 10
963301 81
96400 2
96401 73
964300 6
964301 67
96500 9
96501 59
965300 2
965301 48
96600 8
96601 44
966300 12
966301 55
96700 18
96701 42
967300 28
967301 28
96800 34
96801 18
968300 58
968301 10
96900 65
96901 6
969300 85
969301 1
961000 90
961001 12
9610300 86
9610301 5
961100 93
961101 1
9611300 99
9611301 1
971200 1
971201 99
9712300 10
9712301 99
97100 6
97101 98
971300 1
971301 94
97200 1
97201 99
972300 9
972301 86
97300 6
97301 83
973300 1
973301 80
97400 1
97401 62
974300 3
974301 56
97500 1
97501 60
975300 9
975301 49
97600 1
97601 43
976300 3
976301 40
97700 17
97701 45
977300 17
977301 24
97800 29
97801 35
978300 69
978301 11
97900 67
97901 15
979300 77
979301 1
971000 99
971001 10
9710300 90
9710301 1
971100 98
971101 1
9711300 99
9711301 1
1011200 7
1011201 99
10112300 3
10112301 99
101100 5
101101 93
1011300 1
1011301 92
101200 3
101201 90
1012300 1
1012301 83
101300 1
101301 83
1013300 8
1013301 75
101400 8
101401 65
1014300 1
1014301 53
101500 6
101501 58
1015300 18
1015301 44
101600 14
101601 52
1016300 9
1016301 45
101700 28
101701 46
1017300 28
1017301 30
101800 39
101801 24
1018300 58
1018301 22
101900 82
101901 2
1019300 85
1019301 15
1011000 96
1011001 3
10110300 99
10110301 6
1011100 96
1011101 7
10111300 99
10111301 1
1021200 9
1021201 98
10212300 10
10212301 99
102100 1
102101 92
1021300 6
1021301 96
102200 1
102201 99
1022300 1
1022301 94
102300 5
102301 95
1023300 6
1023301 83
102400 5
102401 75
1024300 1
1024301 64
102500 5
102501 54
1025300 10
1025301 59
102600 8
102601 48
1026300 16
1026301 43
102700 29
102701 31
1027300 31
1027301 25
102800 48
102801 17
1028300 75
1028301 16
102900 67
102901 19
1029300 70
1029301 5
1021000 98
1021001 11
10210300 89
10210301 10
1021100 99
1021101 4
10211300 99
10211301 7
1031200 1
1031201 89
10312300 1
10312301 98
103100 1
103101 99
1031300 5
1031301 86
103200 1
103201 86
1032300 1
1032301 95
103300 1
103301 89
1033300 1
1033301 82
103400 7
103401 68
1034300 10
1034301 60
103500 2
103501 67
1035300 1
1035301 58
103600 12
103601 54
1036300 3
1036301 57
103700 33
103701 45
1037300 28
1037301 23
103800 42
103801 33
1038300 66
1038301 7
103900 66
103901 8
1039300 78
1039301 1
1031000 99
1031001 16
10310300 99
10310301 3
1031100 98
1031101 13
10311300 99
10311301 1
1041200 1
1041201 99
10412300 1
10412301 99
104100 1
104101 99
1041300 1
1041301 86
104200 3
104201 86
1042300 1
1042301 90
104300 1
104301 91
1043300 10
1043301 78
104400 1
104401 68
1044300 1
1044301 62
104500 3
104501 52
1045300 3
1045301 52
104600 11
104601 58
1046300 15
1046301 46
104700 34
104701 35
1047300 31
1047301 27
104800 36
104801 30
1048300 74
1048301 10
104900 77
104901 3
1049300 83
1049301 4
1041000 89
1041001 1
10410300 88
10410301 11
1041100 99
1041101 6
10411300 92
10411301 8
1051200 1
1051201 98
10512300 1
10512301 99
105100 1
105101 99
1051300 1
1051301 97
105200 5
105201 95
1052300 1
1052301 93
105300 1
105301 82
1053300 6
1053301 83
105400 3
105401 72
1054300 11
1054301 64
105500 1
105501 51
1055300 15
1055301 45
105600 9
105601 60
1056300 2
1056301 57
105700 31
105701 39
1057300 18
1057301 23
105800 42
105801 32
1058300 74
1058301 16
105900 80
105901 9
1059300 84
1059301 1
1051000 86
1051001 16
10510300 99
10510301 8
1051100 99
1051101 1
10511300 89
10511301 12
1061200 1
1061201 98
10612300 3
10612301 99
106100 1
106101 99
1061300 6
1061301 86
106200 1
106201 85
1062300 1
1062301 82
106300 1
106301 86
1063300 1
1063301 93
106400 1
106401 78
1064300 11
1064301 54
106500 13
106501 51
1065300 12
1065301 62
106600 1
106601 60
1066300 8
1066301 57
106700 34
106701 48
1067300 18
1067301 31
106800 30
106801 19
1068300 71
1068301 17
106900 74
106901 14
1069300 74
1069301 7
1061000 83
1061001 10
10610300 95
10610301 10
1061100 99
1061101 1
10611300 99
10611301 2
1071200 1
1071201 93
10712300 1
10712301 95
107100 5
107101 93
1071300 1
1071301 91
107200 1
107201 92
1072300 1
1072301 81
107300 1
107301 89
1073300 1
1073301 81
107400 3
107401 67
1074300 1
1074301 66
107500 3
107501 54
1075300 5
1075301 60
107600 17
107601 58
1076300 12
1076301 42
107700 19
107701 37
1077300 19
1077301 35
107800 41
107801 34
1078300 75
1078301 8
107900 75
107901 12
1079300 77
1079301 10
1071000 95
1071001 1
10710300 99
10710301 8
1071100 96
1071101 7
10711300 97
10711301 1
1111200 1
1111201 99
11112300 4
11112301 89
111100 1
111101 99
1111300 10
1111301 94
111200 5
111201 99
1112300 8
1112301 88
111300 1
111301 84
1113300 1
1113301 88
111400 1
111401 66
1114300 4
1114301 58
111500 9
111501 51
1115300 7
1115301 46
111600 1
111601 60
1116300 7
1116301 54
111700 22
111701 46
1117300 29
1117301 40
111800 43
111801 34
1118300 67
1118301 10
111900 82
111901 18
1119300 83
1119301 5
1111000 98
1111001 1
11110300 98
11110301 3
1111100 94
1111101 1
11111300 90
11111301 5
1121200 1
1121201 99
11212300 1
11212301 99
112100 1
112101 90
1121300 1
1121301 97
112200 6
112201 84
1122300 10
1122301 87
112300 3
112301 85
1123300 8
1123301 74
112400 1
112401 69
1124300 3
1124301 71
112500 2
112501 57
1125300 1
1125301 48
112600 18
112601 42
1126300 12
1126301 49
112700 19
112701 32
1127300 31
1127301 42
112800 44
112801 30
1128300 62
1128301 22
112900 77
112901 10
1129300 69
1129301 12
1121000 95
1121001 16
11210300 99
11210301 11
1121100 96
1121101 4
11211300 99
11211301 1
1131200 1
1131201 99
11312300 1
11312301 94
113100 1
113101 91
1131300 1
1131301 86
113200 1
113201 98
1132300 1
1132301 81
113300 1
113301 93
1133300 10
1133301 80
113400 9
113401 72
1134300 1
1134301 59
113500 14
113501 58
1135300 17
1135301 53
113600 1
113601 44
1136300 15
1136301 57
113700 33
113701 41
1137300 18
1137301 41
113800 45
113801 35
1138300 75
1138301 9
113900 65
113901 2
1139300 71
1139301 8
1131000 96
1131001 8
11310300 88
11310301 3
1131100 89
1131101 1
11311300 99
11311301 1
1141200 1
1141201 99
11412300 1
11412301 99
114100 10
114101 99
1141300 5
1141301 86
114200 1
114201 88
1142300 1
1142301 87
114300 1
114301 88
1143300 6
1143301 85
114400 8
114401 75
1144300 10
1144301 68
114500 6
114501 55
1145300 8
1145301 55
114600 7
114601 50
1146300 17
1146301 40
114700 22
114701 36
1147300 33
1147301 24
114800 47
114801 33
1148300 77
1148301 21
114900 80
114901 20
1149300 73
1149301 1
1141000 81
1141001 13
11410300 88
11410301 1
1141100 96
1141101 1
11411300 97
11411301 10
1151200 1
1151201 99
11512300 8
11512301 93
115100 9
115101 99
1151300 6
1151301 91
115200 1
115201 99
1152300 1
1152301 89
115300 1
115301 87
1153300 3
1153301 93
115400 1
115401 80
1154300 8
1154301 53
115500 1
115501 51
1155300 11
1155301 58
115600 3
115601 54
1156300 3
1156301 39
115700 21
115701 41
1157300 36
1157301 29
115800 40
115801 30
1158300 70
1158301 7
115900 67
115901 17
1159300 78
1159301 6
1151000 85
1151001 1
11510300 95
11510301 5
1151100 99
1151101 3
11511300 99
11511301 1
1161200 7
1161201 99
11612300 1
11612301 99
116100 1
116101 99
1161300 6
1161301 90
116200 1
116201 99
1162300 9
1162301 99
116300 1
116301 95
1163300 2
1163301 80
116400 1
116401 79
1164300 1
1164301 53
116500 1
116501 51
1165300 5
1165301 55
116600 17
116601 53
1166300 11
1166301 44
116700 25
116701 43
1167300 27
1167301 33
116800 40
116801 30
1168300 60
1168301 16
116900 76
116901 14
1169300 80
1169301 14
1161000 86
1161001 1
11610300 99
11610301 7
1161100 97
1161101 1
11611300 99
11611301 12
1171200 1
1171201 99
11712300 1
11712301 97
117100 1
117101 90
1171300 1
1171301 95
117200 1
117201 83
1172300 1
1172301 81
117300 1
117301 92
1173300 10
1173301 78
117400 2
117401 67
1174300 7
1174301 57
117500 1
117501 50
1175300 17
1175301 59
117600 11
117601 60
1176300 5
1176301 51
117700 23
117701 42
1177300 25
1177301 29
117800 47
117801 27
1178300 70
1178301 14
117900 70
117901 6
1179300 84
1179301 2
1171000 87
1171001 1
11710300 91
11710301 1
1171100 99
1171101 1
11711300 99
11711301 1
