011200 2
011201 95
0112300 1
0112301 95
01100 10
01101 99
011300 2
011301 99
01200 8
01201 99
012300 5
012301 86
01300 1
01301 89
013300 1
013301 88
01400 7
01401 71
014300 10
014301 58
01500 14
01501 51
015300 10
015301 52
01600 7
01601 49
016300 21
016301 54
01700 24
01701 32
017300 30
017301 28
01800 34
01801 29
018300 77
018301 7
01900 77
01901 13
019300 85
019301 15
011000 93
011001 1
0110300 95
0110301 11
011100 98
011101 12
0111300 97
0111301 8
021200 4
021201 89
0212300 9
0212301 97
02100 1
02101 99
021300 2
021301 95
02200 10
02201 91
022300 4
022301 94
02300 1
02301 92
023300 1
023301 89
02400 1
02401 68
024300 9
024301 56
02500 14
02501 62
025300 10
025301 54
02600 1
02601 53
026300 11
026301 50
02700 31
02701 39
027300 30
027301 41
02800 37
02801 17
028300 66
028301 5
02900 73
02901 19
029300 70
029301 1
021000 99
021001 10
0210300 88
0210301 1
021100 99
021101 6
0211300 99
0211301 1
031200 1
031201 99
0312300 5
0312301 92
03100 9
03101 95
031300 2
031301 88
03200 1
03201 91
032300 1
032301 98
03300 1
03301 93
033300 1
033301 80
03400 1
03401 62
034300 11
034301 61
03500 11
03501 64
035300 15
035301 59
03600 1
03601 45
036300 18
036301 47
03700 20
03701 34
037300 33
037301 35
03800 30
03801 29
038300 75
038301 7
03900 63
03901 16
039300 67
039301 14
031000 91
031001 1
0310300 99
0310301 5
031100 96
031101 8
0311300 99
0311301 2
041200 1
041201 96
0412300 1
0412301 99
04100 6
04101 99
041300 4
041301 99
04200 1
04201 87
042300 1
042301 92
04300 1
04301 84
043300 1
043301 83
04400 1
04401 79
044300 10
044301 57
04500 6
04501 58
045300 15
045301 48
04600 16
04601 58
046300 12
046301 42
04700 23
04701 45
047300 24
047301 34
04800 48
04801 26
048300 58
048301 18
04900 73
04901 6
049300 68
049301 9
041000 81
041001 13
0410300 97
0410301 11
041100 99
041101 8
0411300 98
0411301 1
051200 3
051201 96
0512300 1
0512301 96
05100 7
05101 87
051300 2
051301 91
05200 1
05201 93
052300 1
052301 81
05300 1
05301 89
053300 5
053301 89
05400 1
05401 74
054300 6
054301 71
05500 4
05501 60
055300 16
055301 48
05600 12
05601 45
056300 15
056301 51
05700 34
05701 48
057300 23
057301 37
05800 48
05801 25
058300 76
058301 22
05900 70
05901 4
059300 66
059301 12
051000 99
051001 1
0510300 92
0510301 10
051100 99
051101 4
0511300 99
0511301 1
061200 1
061201 99
0612300 1
0612301 99
06100 1
06101 99
061300 10
061301 99
06200 2
06201 99
062300 1
062301 97
06300 9
06301 94
063300 1
063301 76
06400 1
06401 66
064300 1
064301 58
06500 2
06501 56
065300 9
065301 48
06600 5
06601 48
066300 21
066301 44
06700 21
06701 32
067300 19
067301 34
06800 37
06801 27
068300 61
068301 7
06900 79
06901 2
069300 81
069301 4
061000 94
061001 15
0610300 99
0610301 1
061100 94
061101 7
0611300 90
0611301 1
071200 8
071201 94
0712300 3
0712301 99
07100 1
07101 99
071300 1
071301 94
07200 5
07201 94
072300 4
072301 88
07300 1
07301 90
073300 1
073301 86
07400 1
07401 76
074300 1
074301 58
07500 1
07501 55
075300 12
075301 51
07600 6
07601 58
076300 3
076301 45
07700 33
07701 46
077300 21
077301 23
07800 29
07801 21
078300 76
078301 7
07900 70
07901 14
079300 72
079301 1
071000 92
071001 1
0710300 87
0710301 1
071100 97
071101 1
0711300 99
0711301 1
111200 1
111201 99
1112300 1
1112301 99
11100 1
11101 97
111300 1
111301 99
11200 1
11201 86
112300 1
112301 91
11300 6
11301 79
113300 5
113301 74
11400 10
11401 72
114300 1
114301 57
11500 3
11501 51
115300 14
115301 44
11600 17
11601 43
116300 20
116301 51
11700 27
11701 46
117300 20
117301 25
11800 40
11801 31
118300 77
118301 7
11900 71
11901 12
119300 73
119301 14
111000 90
111001 14
1110300 92
1110301 14
111100 90
111101 3
1111300 99
1111301 1
121200 1
121201 90
1212300 1
1212301 94
12100 1
12101 89
121300 1
121301 90
12200 1
12201 91
122300 10
122301 83
12300 1
12301 95
123300 1
123301 81
12400 1
12401 74
124300 9
124301 69
12500 2
12501 57
125300 9
125301 45
12600 9
12601 52
126300 2
126301 39
12700 23
12701 47
127300 18
127301 23
12800 45
12801 32
128300 72
128301 7
12900 79
12901 12
129300 85
129301 8
121000 82
121001 1
1210300 88
1210301 1
121100 99
121101 6
1211300 99
1211301 1
131200 3
131201 99
1312300 2
1312301 99
13100 1
13101 99
131300 6
131301 99
13200 1
13201 91
132300 5
132301 85
13300 1
13301 86
133300 1
133301 75
13400 1
13401 74
134300 4
134301 61
13500 1
13501 66
135300 18
135301 46
13600 17
13601 47
136300 3
136301 48
13700 25
13701 38
137300 22
137301 30
13800 29
13801 31
138300 70
138301 10
13900 76
13901 15
139300 80
139301 13
131000 87
131001 10
1310300 97
1310301 1
131100 90
131101 1
1311300 99
1311301 1
141200 1
141201 99
1412300 1
1412301 99
14100 1
14101 99
141300 1
141301 89
14200 9
14201 98
142300 6
142301 93
14300 1
14301 89
143300 10
143301 85
14400 9
14401 78
144300 1
144301 63
14500 10
14501 65
145300 1
145301 51
14600 1
14601 42
146300 20
146301 54
14700 24
14701 40
147300 18
147301 41
14800 36
14801 19
148300 67
148301 8
14900 65
14901 10
149300 66
149301 6
141000 99
141001 15
1410300 92
1410301 10
141100 94
141101 11
1411300 92
1411301 11
151200 6
151201 99
1512300 1
1512301 92
15100 8
15101 99
151300 1
151301 88
15200 6
15201 86
152300 1
152301 95
15300 8
15301 92
153300 1
153301 88
15400 8
15401 79
154300 9
154301 72
15500 16
15501 67
155300 4
155301 50
15600 17
15601 50
156300 9
156301 50
15700 26
15701 38
157300 24
157301 27
15800 45
15801 23
158300 65
158301 10
15900 63
15901 7
159300 73
159301 12
151000 98
151001 16
1510300 94
1510301 1
151100 97
151101 4
1511300 99
1511301 1
161200 1
161201 91
1612300 1
1612301 92
16100 1
16101 99
161300 1
161301 88
16200 1
16201 83
162300 1
162301 97
16300 10
16301 84
163300 3
163301 89
16400 8
16401 67
164300 1
164301 55
16500 1
16501 64
165300 12
165301 56
16600 10
16601 55
166300 14
166301 44
16700 21
16701 49
167300 30
167301 42
16800 36
16801 20
168300 71
168301 20
16900 69
16901 18
169300 79
169301 14
161000 99
161001 2
1610300 92
1610301 3
161100 99
161101 11
1611300 99
1611301 9
171200 10
171201 98
1712300 3
1712301 99
17100 5
17101 99
171300 1
171301 92
17200 1
17201 87
172300 1
172301 86
17300 5
17301 83
173300 1
173301 78
17400 1
17401 72
174300 9
174301 66
17500 15
17501 69
175300 7
175301 44
17600 10
17601 43
176300 19
176301 45
17700 33
17701 43
177300 33
177301 42
17800 36
17801 26
178300 72
178301 21
17900 79
17901 3
179300 68
179301 13
171000 83
171001 5
1710300 98
1710301 1
171100 99
171101 1
1711300 92
1711301 1
211200 1
211201 99
2112300 2
2112301 99
21100 3
21101 97
211300 2
211301 94
21200 1
21201 88
212300 1
212301 89
21300 1
21301 92
213300 1
213301 81
21400 2
21401 73
214300 1
214301 55
21500 7
21501 50
215300 7
215301 47
21600 8
21601 56
216300 9
216301 43
21700 18
21701 36
217300 19
217301 25
21800 31
21801 32
218300 75
218301 9
21900 69
21901 2
219300 79
219301 1
211000 91
211001 1
2110300 87
2110301 11
211100 95
211101 6
2111300 99
2111301 1
221200 1
221201 99
2212300 9
2212301 89
22100 1
22101 99
221300 1
221301 99
22200 5
22201 99
222300 1
222301 99
22300 1
22301 88
223300 1
223301 92
22400 6
22401 72
224300 3
224301 71
22500 15
22501 66
225300 11
225301 60
22600 17
22601 43
226300 8
226301 54
22700 33
22701 31
227300 30
227301 39
22800 46
22801 34
228300 69
228301 16
22900 73
22901 13
229300 70
229301 3
221000 90
221001 14
2210300 86
2210301 4
221100 99
221101 1
2211300 99
2211301 5
231200 4
231201 98
2312300 10
2312301 99
23100 1
23101 94
231300 8
231301 90
23200 3
23201 84
232300 2
232301 94
23300 1
23301 79
233300 8
233301 84
23400 2
23401 66
234300 1
234301 62
23500 5
23501 62
235300 3
235301 51
23600 4
23601 46
236300 4
236301 54
23700 20
23701 31
237300 22
237301 39
23800 29
23801 31
238300 74
238301 21
23900 77
23901 15
239300 72
239301 1
231000 92
231001 1
2310300 98
2310301 5
231100 94
231101 3
2311300 99
2311301 3
241200 1
241201 97
2412300 1
2412301 93
24100 9
24101 95
241300 1
241301 92
24200 5
24201 99
242300 1
242301 98
24300 8
24301 87
243300 10
243301 91
24400 1
24401 68
244300 6
244301 60
24500 8
24501 65
245300 15
245301 56
24600 16
24601 54
246300 9
246301 53
24700 30
24701 36
247300 32
247301 25
24800 45
24801 20
248300 61
248301 14
24900 77
24901 18
249300 83
249301 2
241000 99
241001 16
2410300 93
2410301 10
241100 99
241101 1
2411300 92
2411301 1
251200 5
251201 89
2512300 10
2512301 93
25100 9
25101 99
251300 1
251301 99
25200 1
25201 94
252300 1
252301 95
25300 6
25301 91
253300 1
253301 90
25400 1
25401 65
254300 4
254301 56
25500 6
25501 57
255300 4
255301 55
25600 18
25601 48
256300 17
256301 47
25700 17
25701 50
257300 22
257301 32
25800 37
25801 27
258300 70
258301 21
25900 71
25901 8
259300 72
259301 1
251000 86
251001 15
2510300 95
2510301 4
251100 99
251101 7
2511300 99
2511301 1
261200 6
261201 92
2612300 8
2612301 95
26100 1
26101 97
261300 8
261301 99
26200 10
26201 84
262300 3
262301 89
26300 1
26301 85
263300 8
263301 81
26400 3
26401 66
264300 1
264301 71
26500 4
26501 66
265300 10
265301 48
26600 3
26601 44
266300 14
266301 53
26700 30
26701 32
267300 23
267301 25
26800 42
26801 24
268300 67
268301 14
26900 70
26901 11
269300 67
269301 1
261000 82
261001 1
2610300 92
2610301 2
261100 91
261101 8
2611300 99
2611301 1
271200 1
271201 95
2712300 2
2712301 99
27100 3
27101 99
271300 1
271301 96
27200 1
27201 92
272300 1
272301 85
27300 1
27301 79
273300 6
273301 85
27400 7
27401 73
274300 6
274301 58
27500 2
27501 55
275300 2
275301 56
27600 5
27601 44
276300 15
276301 58
27700 28
27701 46
277300 29
277301 27
27800 44
27801 26
278300 58
278301 21
27900 82
27901 20
279300 76
279301 2
271000 95
271001 7
2710300 92
2710301 5
271100 99
271101 12
2711300 99
2711301 1
311200 9
311201 89
3112300 8
3112301 89
31100 1
31101 99
311300 1
311301 99
31200 1
31201 97
312300 1
312301 91
31300 8
31301 86
313300 3
313301 91
31400 1
31401 73
314300 8
314301 55
31500 3
31501 51
315300 5
315301 54
31600 8
31601 50
316300 15
316301 55
31700 23
31701 31
317300 24
317301 28
31800 39
31801 34
318300 71
318301 12
31900 63
31901 14
319300 79
319301 14
311000 93
311001 1
3110300 89
3110301 1
311100 99
311101 5
3111300 99
3111301 12
321200 1
321201 99
3212300 1
3212301 99
32100 1
32101 92
321300 3
321301 92
32200 1
32201 86
322300 1
322301 88
32300 1
32301 92
323300 1
323301 75
32400 4
32401 77
324300 6
324301 57
32500 5
32501 57
325300 2
325301 54
32600 1
32601 44
326300 6
326301 52
32700 26
32701 40
327300 18
327301 24
32800 42
32801 26
328300 58
328301 8
32900 79
32901 13
329300 73
329301 7
321000 97
321001 1
3210300 93
3210301 8
321100 99
321101 9
3211300 99
3211301 7
331200 1
331201 99
3312300 1
3312301 90
33100 8
33101 99
331300 5
331301 99
33200 1
33201 89
332300 5
332301 84
33300 1
33301 89
333300 1
333301 83
33400 1
33401 72
334300 1
334301 59
33500 15
33501 64
335300 1
335301 54
33600 2
33601 51
336300 16
336301 52
33700 32
33701 38
337300 22
337301 36
33800 33
33801 26
338300 68
338301 21
33900 82
33901 3
339300 79
339301 1
331000 88
331001 1
3310300 90
3310301 11
331100 99
331101 5
3311300 99
3311301 10
341200 1
341201 96
3412300 7
3412301 99
34100 1
34101 95
341300 2
341301 93
34200 1
34201 92
342300 4
342301 94
34300 8
34301 85
343300 9
343301 77
34400 1
34401 73
344300 8
344301 58
34500 2
34501 69
345300 8
345301 46
34600 12
34601 56
346300 18
346301 58
34700 23
34701 45
347300 21
347301 31
34800 34
34801 27
348300 70
348301 21
34900 71
34901 14
349300 76
349301 12
341000 98
341001 1
3410300 90
3410301 1
341100 99
341101 10
3411300 98
3411301 5
351200 4
351201 89
3512300 1
3512301 92
35100 5
35101 87
351300 10
351301 99
35200 9
35201 89
352300 6
352301 81
35300 1
35301 79
353300 1
353301 77
35400 1
35401 67
354300 1
354301 60
35500 6
35501 55
355300 1
355301 52
35600 17
35601 45
356300 6
356301 53
35700 18
35701 44
357300 29
357301 30
35800 42
35801 22
358300 62
358301 9
35900 72
35901 3
359300 76
359301 1
351000 92
351001 1
3510300 99
3510301 8
351100 99
351101 10
3511300 99
3511301 1
361200 1
361201 90
3612300 1
3612301 92
36100 1
36101 88
361300 9
361301 94
36200 1
36201 88
362300 1
362301 83
36300 3
36301 83
363300 2
363301 91
36400 9
36401 68
364300 1
364301 64
36500 1
36501 59
365300 8
365301 55
36600 1
36601 51
366300 14
366301 50
36700 27
36701 34
367300 32
367301 26
36800 35
36801 22
368300 73
368301 11
36900 82
36901 19
369300 68
369301 2
361000 85
361001 15
3610300 99
3610301 4
361100 99
361101 12
3611300 91
3611301 10
371200 1
371201 89
3712300 8
3712301 89
37100 10
37101 96
371300 3
371301 90
37200 6
37201 99
372300 1
372301 84
37300 8
37301 85
373300 1
373301 77
37400 1
37401 76
374300 1
374301 68
37500 5
37501 64
375300 12
375301 61
37600 15
37601 47
376300 6
376301 57
37700 18
37701 39
377300 34
377301 38
37800 41
37801 17
378300 76
378301 15
37900 74
37901 17
379300 83
379301 11
371000 83
371001 13
3710300 99
3710301 13
371100 90
371101 7
3711300 89
3711301 1
411200 1
411201 93
4112300 1
4112301 99
41100 1
41101 99
411300 1
411301 99
41200 1
41201 83
412300 7
412301 87
41300 2
41301 95
413300 1
413301 76
41400 1
41401 62
414300 2
414301 65
41500 7
41501 52
415300 18
415301 44
41600 17
41601 55
416300 7
416301 39
41700 32
41701 46
417300 25
417301 29
41800 35
41801 21
418300 62
418301 20
41900 66
41901 9
419300 69
419301 1
411000 88
411001 12
4110300 86
4110301 13
411100 90
411101 1
4111300 92
4111301 7
421200 1
421201 99
4212300 1
4212301 99
42100 2
42101 88
421300 9
421301 86
42200 10
42201 93
422300 1
422301 98
42300 3
42301 81
423300 8
423301 83
42400 1
42401 65
424300 10
424301 57
42500 13
42501 66
425300 1
425301 49
42600 6
42601 47
426300 5
426301 48
42700 25
42701 38
427300 31
427301 33
42800 47
42801 22
428300 59
428301 7
42900 78
42901 1
429300 66
429301 5
421000 91
421001 2
4210300 92
4210301 6
421100 99
421101 5
4211300 99
4211301 5
431200 1
431201 99
4312300 2
4312301 99
43100 1
43101 97
431300 10
431301 90
43200 1
43201 84
432300 8
432301 81
43300 1
43301 82
433300 1
433301 85
43400 1
43401 72
434300 3
434301 63
43500 10
43501 56
435300 1
435301 56
43600 6
43601 42
436300 13
436301 39
43700 27
43701 32
437300 17
437301 36
43800 36
43801 19
438300 58
438301 17
43900 65
43901 12
439300 70
439301 6
431000 87
431001 9
4310300 99
4310301 3
431100 92
431101 8
4311300 93
4311301 1
441200 1
441201 99
4412300 1
4412301 93
44100 1
44101 96
441300 1
441301 97
44200 1
44201 84
442300 10
442301 91
44300 6
44301 92
443300 3
443301 76
44400 8
44401 71
444300 1
444301 54
44500 1
44501 60
445300 10
445301 53
44600 17
44601 41
446300 19
446301 42
44700 21
44701 48
447300 36
447301 27
44800 31
44801 19
448300 58
448301 7
44900 81
44901 16
449300 66
449301 16
441000 84
441001 10
4410300 99
4410301 3
441100 95
441101 1
4411300 99
4411301 1
451200 9
451201 92
4512300 1
4512301 90
45100 1
45101 99
451300 7
451301 99
45200 1
45201 98
452300 2
452301 96
45300 1
45301 93
453300 4
453301 79
45400 1
45401 79
454300 1
454301 68
45500 8
45501 55
455300 15
455301 50
45600 1
45601 42
456300 15
456301 43
45700 19
45701 41
457300 18
457301 35
45800 44
45801 35
458300 60
458301 14
45900 71
45901 14
459300 68
459301 13
451000 99
451001 1
4510300 92
4510301 2
451100 99
451101 8
4511300 91
4511301 9
461200 3
461201 99
4612300 1
4612301 99
46100 1
46101 98
461300 10
461301 99
46200 9
46201 97
462300 10
462301 93
46300 9
46301 95
463300 7
463301 91
46400 9
46401 68
464300 8
464301 70
46500 14
46501 53
465300 13
465301 50
46600 7
46601 46
466300 12
466301 58
46700 24
46701 39
467300 17
467301 28
46800 32
46801 25
468300 77
468301 4
46900 73
46901 6
469300 85
469301 16
461000 85
461001 1
4610300 98
4610301 14
461100 99
461101 5
4611300 99
4611301 6
471200 9
471201 93
4712300 8
4712301 94
47100 10
47101 92
471300 1
471301 99
47200 4
47201 96
472300 3
472301 86
47300 1
47301 81
473300 7
473301 83
47400 5
47401 70
474300 1
474301 62
47500 12
47501 65
475300 2
475301 52
47600 13
47601 57
476300 11
476301 52
47700 27
47701 34
477300 20
477301 28
47800 47
47801 23
478300 76
478301 21
47900 69
47901 6
479300 77
479301 12
471000 95
471001 8
4710300 93
4710301 8
471100 97
471101 7
4711300 99
4711301 1
511200 7
511201 99
5112300 1
5112301 99
51100 1
51101 99
511300 9
511301 99
51200 1
51201 87
512300 1
512301 99
51300 10
51301 81
513300 1
513301 82
51400 7
51401 65
514300 1
514301 72
51500 6
51501 62
515300 13
515301 61
51600 10
51601 51
516300 21
516301 42
51700 23
51701 35
517300 23
517301 42
51800 44
51801 31
518300 70
518301 21
51900 69
51901 1
519300 73
519301 5
511000 87
511001 2
5110300 87
5110301 9
511100 99
511101 10
5111300 99
5111301 1
521200 1
521201 92
5212300 3
5212301 92
52100 1
52101 95
521300 1
521301 91
52200 9
52201 87
522300 1
522301 82
52300 1
52301 80
523300 8
523301 85
52400 1
52401 65
524300 8
524301 55
52500 16
52501 56
525300 3
525301 46
52600 15
52601 47
526300 19
526301 40
52700 21
52701 31
527300 26
527301 33
52800 47
52801 32
528300 69
528301 4
52900 66
52901 18
529300 67
529301 6
521000 82
521001 10
5210300 99
5210301 1
521100 91
521101 1
5211300 99
5211301 5
531200 8
531201 92
5312300 3
5312301 99
53100 9
53101 99
531300 8
531301 90
53200 1
53201 91
532300 1
532301 97
53300 9
53301 93
533300 4
533301 75
53400 7
53401 70
534300 9
534301 64
53500 15
53501 67
535300 5
535301 48
53600 1
53601 60
536300 9
536301 58
53700 33
53701 37
537300 34
537301 28
53800 32
53801 28
538300 64
538301 6
53900 75
53901 6
539300 80
539301 16
531000 88
531001 4
5310300 89
5310301 10
531100 99
531101 1
5311300 98
5311301 1
541200 1
541201 99
5412300 6
5412301 92
54100 1
54101 97
541300 6
541301 86
54200 1
54201 88
542300 4
542301 94
54300 2
54301 95
543300 9
543301 78
54400 4
54401 71
544300 1
544301 63
54500 14
54501 55
545300 8
545301 53
54600 13
54601 56
546300 2
546301 53
54700 32
54701 50
547300 28
547301 27
54800 36
54801 29
548300 64
548301 14
54900 82
54901 3
549300 81
549301 6
541000 91
541001 14
5410300 88
5410301 3
541100 99
541101 1
5411300 94
5411301 1
551200 1
551201 99
5512300 1
5512301 99
55100 1
55101 99
551300 1
551301 94
55200 9
55201 86
552300 1
552301 81
55300 4
55301 95
553300 1
553301 76
55400 1
55401 72
554300 10
554301 54
55500 1
55501 59
555300 1
555301 56
55600 9
55601 54
556300 5
556301 53
55700 34
55701 42
557300 28
557301 30
55800 35
55801 36
558300 76
558301 3
55900 63
55901 9
559300 80
559301 1
551000 86
551001 6
5510300 99
5510301 1
551100 99
551101 12
5511300 99
5511301 8
561200 7
561201 99
5612300 1
5612301 94
56100 3
56101 99
561300 1
561301 99
56200 7
56201 94
562300 7
562301 89
56300 1
56301 86
563300 9
563301 89
56400 1
56401 76
564300 1
564301 63
56500 3
56501 64
565300 13
565301 44
56600 15
56601 46
566300 12
566301 52
56700 23
56701 34
567300 32
567301 41
56800 43
56801 27
568300 59
568301 9
56900 77
56901 6
569300 72
569301 5
561000 89
561001 16
5610300 93
5610301 5
561100 99
561101 12
5611300 96
5611301 5
571200 4
571201 98
5712300 1
5712301 99
57100 1
57101 99
571300 1
571301 99
57200 1
57201 99
572300 1
572301 83
57300 1
57301 91
573300 1
573301 78
57400 1
57401 81
574300 1
574301 64
57500 17
57501 64
575300 5
575301 62
57600 3
57601 45
576300 16
576301 58
57700 30
57701 44
577300 35
577301 38
57800 39
57801 17
578300 77
578301 3
57900 82
57901 4
579300 76
579301 7
571000 96
571001 11
5710300 99
5710301 1
571100 99
571101 10
5711300 91
5711301 1
611200 3
611201 99
6112300 1
6112301 99
61100 2
61101 99
611300 1
611301 99
61200 8
61201 98
612300 10
612301 89
61300 6
61301 84
613300 1
613301 78
61400 6
61401 80
614300 6
614301 67
61500 14
61501 51
615300 7
615301 61
61600 15
61601 53
616300 7
616301 50
61700 27
61701 48
617300 24
617301 33
61800 48
61801 19
618300 66
618301 7
61900 79
61901 3
619300 70
619301 1
611000 81
611001 1
6110300 99
6110301 2
611100 99
611101 1
6111300 95
6111301 1
621200 5
621201 94
6212300 8
6212301 95
62100 1
62101 99
621300 1
621301 89
62200 1
62201 88
622300 6
622301 94
62300 1
62301 96
623300 10
623301 78
62400 1
62401 79
624300 1
624301 57
62500 1
62501 63
625300 6
625301 48
62600 17
62601 57
626300 7
626301 50
62700 19
62701 38
627300 20
627301 35
62800 37
62801 26
628300 73
628301 17
62900 73
62901 17
629300 71
629301 13
621000 81
621001 16
6210300 98
6210301 1
621100 94
621101 2
6211300 99
6211301 1
631200 9
631201 90
6312300 9
6312301 94
63100 9
63101 93
631300 1
631301 91
63200 1
63201 87
632300 1
632301 86
63300 9
63301 78
633300 5
633301 88
63400 1
63401 63
634300 1
634301 66
63500 13
63501 64
635300 16
635301 60
63600 6
63601 46
636300 9
636301 51
63700 22
63701 34
637300 19
637301 28
63800 48
63801 23
638300 61
638301 13
63900 77
63901 16
639300 71
639301 1
631000 94
631001 7
6310300 86
6310301 13
631100 89
631101 1
6311300 99
6311301 4
641200 1
641201 99
6412300 8
6412301 99
64100 1
64101 90
641300 10
641301 99
64200 1
64201 98
642300 1
642301 84
64300 5
64301 96
643300 8
643301 86
64400 9
64401 71
644300 5
644301 58
64500 1
64501 67
645300 5
645301 57
64600 1
64601 45
646300 4
646301 46
64700 18
64701 48
647300 36
647301 25
64800 31
64801 36
648300 64
648301 11
64900 63
64901 7
649300 76
649301 15
641000 95
641001 8
6410300 94
6410301 14
641100 89
641101 1
6411300 92
6411301 3
651200 5
651201 93
6512300 7
6512301 97
65100 1
65101 99
651300 5
651301 93
65200 1
65201 88
652300 1
652301 85
65300 1
65301 82
653300 5
653301 75
65400 3
65401 79
654300 1
654301 70
65500 11
65501 52
655300 1
655301 52
65600 16
65601 48
656300 8
656301 57
65700 33
65701 32
657300 36
657301 25
65800 47
65801 20
658300 68
658301 19
65900 67
65901 20
659300 81
659301 16
651000 93
651001 3
6510300 86
6510301 14
651100 99
651101 4
6511300 91
6511301 11
661200 3
661201 99
6612300 1
6612301 90
66100 1
66101 96
661300 1
661301 98
66200 1
66201 85
662300 1
662301 99
66300 3
66301 92
663300 1
663301 79
66400 7
66401 63
664300 1
664301 55
66500 12
66501 54
665300 16
665301 57
66600 2
66601 48
666300 21
666301 42
66700 32
66701 46
667300 32
667301 42
66800 44
66801 28
668300 67
668301 5
66900 74
66901 11
669300 76
669301 1
661000 90
661001 15
6610300 95
6610301 9
661100 99
661101 1
6611300 89
6611301 2
671200 4
671201 99
6712300 1
6712301 99
67100 3
67101 96
671300 1
671301 97
67200 1
67201 88
672300 6
672301 87
67300 1
67301 77
673300 6
673301 75
67400 1
67401 69
674300 3
674301 65
67500 9
67501 65
675300 13
675301 52
67600 1
67601 43
676300 8
676301 50
67700 23
67701 47
677300 29
677301 31
67800 38
67801 22
678300 59
678301 8
67900 72
67901 12
679300 74
679301 7
671000 89
671001 13
6710300 97
6710301 1
671100 93
671101 1
6711300 95
6711301 3
711200 1
711201 97
7112300 1
7112301 95
71100 10
71101 89
711300 1
711301 89
71200 10
71201 96
712300 6
712301 98
71300 5
71301 81
713300 9
713301 89
71400 1
71401 79
714300 1
714301 54
71500 16
71501 60
715300 18
715301 54
71600 1
71601 41
716300 12
716301 48
71700 24
71701 46
717300 30
717301 37
71800 40
71801 27
718300 71
718301 4
71900 74
71901 11
719300 74
719301 1
711000 97
711001 10
7110300 96
7110301 6
711100 99
711101 12
7111300 93
7111301 9
721200 2
721201 90
7212300 1
7212301 90
72100 1
72101 88
721300 1
721301 99
72200 1
72201 83
722300 1
722301 88
72300 1
72301 81
723300 9
723301 81
72400 1
72401 72
724300 1
724301 62
72500 15
72501 67
725300 1
725301 54
72600 4
72601 53
726300 18
726301 44
72700 21
72701 31
727300 18
727301 27
72800 39
72801 26
728300 69
728301 17
72900 68
72901 1
729300 84
729301 6
721000 87
721001 14
7210300 86
7210301 1
721100 92
721101 10
7211300 99
7211301 8
731200 1
731201 99
7312300 5
7312301 99
73100 1
73101 99
731300 1
731301 99
73200 5
73201 98
732300 10
732301 97
73300 9
73301 93
733300 1
733301 82
73400 2
73401 67
734300 1
734301 64
73500 14
73501 67
735300 3
735301 62
73600 1
73601 42
736300 3
736301 56
73700 24
73701 40
737300 21
737301 29
73800 43
73801 35
738300 77
738301 19
73900 63
73901 16
739300 67
739301 11
731000 84
731001 4
7310300 91
7310301 7
731100 97
731101 1
7311300 99
7311301 9
741200 4
741201 99
7412300 7
7412301 91
74100 1
74101 99
741300 10
741301 96
74200 9
74201 87
742300 3
742301 91
74300 7
74301 90
743300 6
743301 89
74400 10
74401 68
744300 4
744301 65
74500 14
74501 67
745300 12
745301 55
74600 3
74601 58
746300 14
746301 45
74700 19
74701 36
747300 23
747301 23
74800 46
74801 28
748300 69
748301 20
74900 76
74901 19
749300 77
749301 5
741000 92
741001 1
7410300 99
7410301 1
741100 91
741101 13
7411300 97
7411301 3
751200 1
751201 99
7512300 4
7512301 99
75100 7
75101 88
751300 1
751301 95
75200 1
75201 85
752300 1
752301 82
75300 2
75301 95
753300 1
753301 87
75400 1
75401 81
754300 7
754301 63
75500 3
75501 66
755300 6
755301 47
75600 2
75601 55
756300 15
756301 40
75700 24
75701 45
757300 33
757301 41
75800 33
75801 32
758300 71
758301 22
75900 64
75901 20
759300 76
759301 3
751000 86
751001 8
7510300 88
7510301 8
751100 91
751101 4
7511300 89
7511301 3
761200 3
761201 89
7612300 1
7612301 99
76100 1
76101 90
761300 1
761301 86
76200 3
76201 90
762300 5
762301 95
76300 1
76301 81
763300 1
763301 93
76400 4
76401 73
764300 1
764301 60
76500 1
76501 68
765300 8
765301 47
76600 1
76601 44
766300 13
766301 49
76700 16
76701 50
767300 36
767301 24
76800 47
76801 27
768300 67
768301 17
76900 80
76901 3
769300 72
769301 13
761000 87
761001 4
7610300 96
7610301 8
761100 96
761101 6
7611300 99
7611301 1
771200 9
771201 99
7712300 1
7712301 99
77100 7
77101 99
771300 1
771301 99
77200 1
77201 86
772300 4
772301 88
77300 2
77301 94
773300 10
773301 88
77400 10
77401 68
774300 1
774301 70
77500 3
77501 55
775300 6
775301 48
77600 1
77601 59
776300 21
776301 40
77700 24
77701 45
777300 34
777301 29
77800 47
77801 35
778300 75
778301 21
77900 68
77901 8
779300 67
779301 6
771000 86
771001 16
7710300 99
7710301 2
771100 99
771101 1
7711300 99
7711301 1
811200 9
811201 91
8112300 3
8112301 99
81100 9
81101 91
811300 1
811301 92
81200 1
81201 85
812300 1
812301 86
81300 8
81301 79
813300 1
813301 82
81400 5
81401 68
814300 3
814301 70
81500 1
81501 66
815300 8
815301 53
81600 9
81601 46
816300 19
816301 40
81700 24
81701 44
817300 36
817301 29
81800 40
81801 23
818300 61
818301 16
81900 72
81901 6
819300 81
819301 1
811000 87
811001 14
8110300 95
8110301 2
811100 99
811101 1
8111300 99
8111301 2
821200 1
821201 90
8212300 1
8212301 96
82100 1
82101 99
821300 1
821301 94
82200 1
82201 90
822300 3
822301 88
82300 1
82301 88
823300 1
823301 74
82400 1
82401 78
824300 4
824301 56
82500 13
82501 57
825300 11
825301 49
82600 11
82601 42
826300 4
826301 53
82700 27
82701 38
827300 36
827301 23
82800 43
82801 25
828300 77
828301 10
82900 72
82901 14
829300 66
829301 14
821000 81
821001 1
8210300 88
8210301 1
821100 99
821101 8
8211300 99
8211301 1
831200 5
831201 89
8312300 1
8312301 99
83100 10
83101 93
831300 6
831301 94
83200 5
83201 99
832300 1
832301 90
83300 2
83301 78
833300 1
833301 78
83400 7
83401 71
834300 1
834301 57
83500 13
83501 59
835300 13
835301 63
83600 8
83601 59
836300 8
836301 50
83700 34
83701 42
837300 22
837301 25
83800 45
83801 35
838300 67
838301 20
83900 73
83901 14
839300 78
839301 17
831000 84
831001 1
8310300 99
8310301 2
831100 99
831101 10
8311300 94
8311301 1
841200 7
841201 99
8412300 1
8412301 99
84100 9
84101 92
841300 1
841301 86
84200 1
84201 85
842300 1
842301 81
84300 3
84301 96
843300 1
843301 88
84400 9
84401 75
844300 1
844301 61
84500 11
84501 58
845300 16
845301 56
84600 15
84601 45
846300 5
846301 53
84700 17
84701 36
847300 21
847301 34
84800 36
84801 32
848300 64
848301 22
84900 69
84901 3
849300 72
849301 16
841000 84
841001 4
8410300 99
8410301 1
841100 90
841101 7
8411300 89
8411301 9
851200 1
851201 93
8512300 1
8512301 99
85100 1
85101 97
851300 1
851301 86
85200 10
85201 93
852300 1
852301 82
85300 1
85301 94
853300 7
853301 89
85400 6
85401 64
854300 1
854301 70
85500 6
85501 50
855300 4
855301 63
85600 1
85601 55
856300 11
856301 48
85700 17
85701 42
857300 17
857301 32
85800 35
85801 26
858300 63
858301 20
85900 65
85901 18
859300 73
859301 1
851000 99
851001 14
8510300 88
8510301 1
851100 99
851101 4
8511300 99
8511301 1
861200 10
861201 99
8612300 10
8612301 96
86100 4
86101 99
861300 1
861301 86
86200 4
86201 88
862300 1
862301 81
86300 1
86301 83
863300 1
863301 89
86400 8
86401 80
864300 10
864301 58
86500 7
86501 66
865300 11
865301 56
86600 14
86601 53
866300 5
866301 39
86700 35
86701 39
867300 24
867301 42
86800 29
86801 20
868300 61
868301 18
86900 82
86901 7
869300 69
869301 1
861000 88
861001 7
8610300 99
8610301 5
861100 95
861101 3
8611300 97
8611301 10
871200 8
871201 99
8712300 2
8712301 99
87100 5
87101 99
871300 1
871301 99
87200 1
87201 99
872300 4
872301 99
87300 1
87301 80
873300 1
873301 86
87400 1
87401 67
874300 7
874301 68
87500 1
87501 56
875300 9
875301 44
87600 14
87601 51
876300 12
876301 57
87700 34
87701 38
877300 19
877301 26
87800 42
87801 28
878300 65
878301 10
87900 72
87901 20
879300 69
879301 16
871000 91
871001 1
8710300 96
8710301 1
871100 99
871101 13
8711300 94
8711301 1
911200 7
911201 89
9112300 1
9112301 99
91100 9
91101 99
911300 1
911301 98
91200 1
91201 94
912300 1
912301 81
91300 1
91301 84
913300 1
913301 83
91400 10
91401 71
914300 7
914301 67
91500 2
91501 69
915300 1
915301 53
91600 2
91601 43
916300 15
916301 47
91700 33
91701 45
917300 21
917301 31
91800 36
91801 34
918300 59
918301 5
91900 64
91901 6
919300 76
919301 14
911000 82
911001 5
9110300 99
9110301 4
911100 89
911101 9
9111300 99
9111301 2
921200 7
921201 99
9212300 6
9212301 93
92100 1
92101 92
921300 9
921301 99
92200 1
92201 90
922300 1
922301 96
92300 1
92301 88
923300 8
923301 92
92400 1
92401 71
924300 1
924301 57
92500 6
92501 64
925300 14
925301 44
92600 8
92601 48
926300 21
926301 42
92700 33
92701 42
927300 35
927301 32
92800 33
92801 36
928300 71
928301 3
92900 73
92901 2
929300 68
929301 17
921000 82
921001 5
9210300 94
9210301 1
921100 99
921101 1
9211300 91
9211301 7
931200 1
931201 99
9312300 1
9312301 99
93100 1
93101 93
931300 1
931301 97
93200 1
93201 87
932300 1
932301 81
93300 9
93301 81
933300 1
933301 91
93400 10
93401 66
934300 1
934301 67
93500 1
93501 61
935300 16
935301 52
93600 5
93601 54
936300 16
936301 45
93700 25
93701 47
937300 28
937301 36
93800 47
93801 36
938300 63
938301 19
93900 79
93901 14
939300 70
939301 1
931000 99
931001 10
9310300 99
9310301 1
931100 95
931101 1
9311300 99
9311301 1
941200 1
941201 92
9412300 1
9412301 99
94100 6
94101 88
941300 1
941301 99
94200 1
94201 87
942300 8
942301 88
94300 8
94301 77
943300 1
943301 75
94400 7
94401 79
944300 5
944301 60
94500 6
94501 63
945300 9
945301 61
94600 14
94601 48
946300 3
946301 50
94700 32
94701 33
947300 28
947301 41
94800 40
94801 35
948300 69
948301 18
94900 64
94901 5
949300 84
949301 16
941000 83
941001 2
9410300 96
9410301 1
941100 93
941101 5
9411300 89
9411301 1
951200 7
951201 99
9512300 7
9512301 99
95100 9
95101 98
951300 7
951301 96
95200 7
95201 84
952300 1
952301 96
95300 1
95301 89
953300 1
953301 84
95400 5
95401 71
954300 1
954301 65
95500 9
95501 60
955300 11
955301 44
95600 13
95601 49
956300 16
956301 55
95700 35
95701 45
957300 22
957301 36
95800 48
95801 36
958300 71
958301 4
95900 81
95901 4
959300 66
959301 14
951000 99
951001 9
9510300 90
9510301 7
951100 99
951101 7
9511300 99
9511301 9
961200 9
961201 99
9612300 8
9612301 99
96100 1
96101 99
961300 10
961301 94
96200 9
96201 92
962300 1
962301 96
96300 1
96301 79
963300 3
963301 79
96400 10
96401 74
964300 7
964301 59
96500 16
96501 60
965300 18
965301 46
96600 5
96601 54
966300 15
966301 44
96700 28
96701 41
967300 25
967301 36
96800 38
96801 23
968300 59
968301 20
96900 66
96901 9
969300 74
969301 1
961000 86
961001 1
9610300 98
9610301 1
961100 99
961101 8
9611300 90
9611301 1
971200 1
971201 94
9712300 1
9712301 99
97100 6
97101 94
971300 1
971301 89
97200 5
97201 92
972300 1
972301 92
97300 1
97301 83
973300 1
973301 90
97400 6
97401 73
974300 6
974301 60
97500 1
97501 55
975300 5
975301 53
97600 11
97601 48
976300 21
976301 45
97700 21
97701 39
977300 18
977301 26
97800 42
97801 19
978300 71
978301 21
97900 67
97901 4
979300 83
979301 12
971000 96
971001 1
9710300 91
9710301 1
971100 99
971101 1
9711300 94
9711301 7
1011200 5
1011201 99
10112300 8
10112301 97
101100 1
101101 99
1011300 10
1011301 88
101200 7
101201 99
1012300 1
1012301 84
101300 1
101301 84
1013300 5
1013301 91
101400 1
101401 63
1014300 1
1014301 64
101500 7
101501 62
1015300 10
1015301 48
101600 12
101601 44
1016300 20
1016301 39
101700 35
101701 48
1017300 23
1017301 40
101800 36
101801 36
1018300 75
1018301 13
101900 63
101901 13
1019300 84
1019301 3
1011000 95
1011001 9
10110300 99
10110301 5
1011100 93
1011101 1
10111300 98
10111301 1
1021200 1
1021201 99
10212300 8
10212301 94
102100 1
102101 99
1021300 1
1021301 94
102200 7
102201 95
1022300 7
1022301 91
102300 10
102301 89
1023300 1
1023301 85
102400 1
102401 62
1024300 1
1024301 60
102500 10
102501 64
1025300 15
1025301 46
102600 15
102601 47
1026300 3
1026301 43
102700 29
102701 33
1027300 26
1027301 25
102800 29
102801 21
1028300 77
1028301 19
102900 82
102901 5
1029300 81
1029301 1
1021000 82
1021001 2
10210300 93
10210301 1
1021100 99
1021101 1
10211300 92
10211301 12
1031200 8
1031201 99
10312300 6
10312301 99
103100 1
103101 92
1031300 2
1031301 95
103200 7
103201 98
1032300 1
1032301 87
103300 1
103301 90
1033300 6
1033301 85
103400 9
103401 73
1034300 2
1034301 70
103500 1
103501 63
1035300 1
1035301 45
103600 3
103601 41
1036300 21
1036301 57
103700 35
103701 32
1037300 17
1037301 27
103800 42
103801 35
1038300 63
1038301 19
103900 70
103901 15
1039300 79
1039301 1
1031000 92
1031001 2
10310300 99
10310301 4
1031100 90
1031101 6
10311300 99
10311301 6
1041200 2
1041201 92
10412300 3
10412301 89
104100 1
104101 93
1041300 3
1041301 87
104200 1
104201 93
1042300 1
1042301 86
104300 1
104301 94
1043300 1
1043301 81
104400 1
104401 77
1044300 5
1044301 53
104500 15
104501 65
1045300 14
1045301 52
104600 5
104601 59
1046300 16
1046301 52
104700 21
104701 44
1047300 24
1047301 29
104800 36
104801 34
1048300 66
1048301 6
104900 82
104901 8
1049300 76
1049301 1
1041000 99
1041001 4
10410300 99
10410301 1
1041100 95
1041101 1
10411300 97
10411301 1
1051200 3
1051201 99
10512300 3
10512301 99
105100 1
105101 93
1051300 9
1051301 99
105200 1
105201 90
1052300 1
1052301 93
105300 3
105301 78
1053300 1
1053301 81
105400 1
105401 65
1054300 4
1054301 70
105500 7
105501 67
1055300 3
1055301 58
105600 9
105601 41
1056300 13
1056301 52
105700 18
105701 36
1057300 35
1057301 24
105800 38
105801 36
1058300 59
1058301 3
105900 77
105901 17
1059300 74
1059301 3
1051000 93
1051001 1
10510300 99
10510301 3
1051100 98
1051101 1
10511300 92
10511301 5
1061200 6
1061201 95
10612300 8
10612301 99
106100 1
106101 92
1061300 1
1061301 91
106200 6
106201 84
1062300 3
1062301 97
106300 10
106301 81
1063300 1
1063301 79
106400 5
106401 66
1064300 7
1064301 53
106500 5
106501 61
1065300 4
1065301 62
106600 10
106601 51
1066300 9
1066301 57
106700 31
106701 47
1067300 26
1067301 29
106800 31
106801 28
1068300 58
1068301 18
106900 82
106901 2
1069300 85
1069301 11
1061000 84
1061001 8
10610300 99
10610301 1
1061100 89
1061101 1
10611300 99
10611301 1
1071200 1
1071201 99
10712300 5
10712301 95
107100 9
107101 93
1071300 7
1071301 86
107200 1
107201 99
1072300 1
1072301 91
107300 1
107301 79
1073300 1
1073301 90
107400 1
107401 65
1074300 10
1074301 58
107500 15
107501 69
1075300 8
1075301 51
107600 2
107601 43
1076300 19
1076301 57
107700 18
107701 38
1077300 29
1077301 35
107800 37
107801 33
1078300 77
1078301 18
107900 82
107901 4
1079300 83
1079301 7
1071000 81
1071001 1
10710300 99
10710301 2
1071100 90
1071101 4
10711300 96
10711301 8
1111200 10
1111201 99
11112300 1
11112301 99
111100 1
111101 89
1111300 8
1111301 91
111200 10
111201 87
1112300 1
1112301 95
111300 6
111301 80
1113300 9
1113301 75
111400 1
111401 75
1114300 5
1114301 55
111500 12
111501 64
1115300 3
1115301 57
111600 5
111601 56
1116300 12
1116301 42
111700 31
111701 37
1117300 22
1117301 32
111800 45
111801 34
1118300 67
1118301 5
111900 72
111901 5
1119300 85
1119301 14
1111000 84
1111001 9
11110300 95
11110301 5
1111100 99
1111101 9
11111300 93
11111301 3
1121200 1
1121201 89
11212300 1
11212301 94
112100 1
112101 97
1121300 7
1121301 95
112200 3
112201 99
1122300 10
1122301 91
112300 6
112301 80
1123300 5
1123301 85
112400 2
112401 62
1124300 2
1124301 60
112500 1
112501 58
1125300 6
1125301 44
112600 1
112601 59
1126300 11
1126301 49
112700 34
112701 42
1127300 35
1127301 38
112800 43
112801 34
1128300 74
1128301 14
112900 74
112901 14
1129300 69
1129301 5
1121000 91
1121001 11
11210300 93
11210301 11
1121100 90
1121101 10
11211300 94
11211301 7
1131200 1
1131201 92
11312300 1
11312301 99
113100 9
113101 98
1131300 1
1131301 99
113200 6
113201 87
1132300 6
1132301 93
113300 1
113301 79
1133300 5
1133301 83
113400 6
113401 68
1134300 1
1134301 56
113500 17
113501 68
1135300 1
1135301 44
113600 6
113601 56
1136300 7
1136301 41
113700 28
113701 47
1137300 25
1137301 42
113800 36
113801 23
1138300 70
1138301 9
113900 70
113901 16
1139300 75
1139301 2
1131000 91
1131001 1
11310300 96
11310301 1
1131100 99
1131101 4
11311300 99
11311301 1
1141200 1
1141201 94
11412300 5
11412301 99
114100 1
114101 88
1141300 1
1141301 98
114200 7
114201 95
1142300 7
1142301 97
114300 8
114301 84
1143300 4
1143301 81
114400 5
114401 71
1144300 9
1144301 53
114500 1
114501 61
1145300 1
1145301 62
114600 4
114601 59
1146300 15
1146301 45
114700 17
114701 42
1147300 30
1147301 27
114800 34
114801 21
1148300 58
1148301 15
114900 77
114901 3
1149300 66
1149301 5
1141000 97
1141001 16
11410300 92
11410301 8
1141100 90
1141101 13
11411300 99
11411301 1
1151200 1
1151201 99
11512300 2
11512301 93
115100 1
115101 99
1151300 1
1151301 96
115200 1
115201 99
1152300 1
1152301 82
115300 1
115301 82
1153300 1
1153301 84
115400 1
115401 62
1154300 1
1154301 53
115500 5
115501 60
1155300 4
1155301 48
115600 5
115601 42
1156300 8
1156301 48
115700 24
115701 50
1157300 32
1157301 31
115800 41
115801 17
1158300 63
1158301 10
115900 80
115901 12
1159300 83
1159301 7
1151000 84
1151001 1
11510300 94
11510301 7
1151100 97
1151101 1
11511300 99
11511301 10
1161200 1
1161201 99
11612300 5
11612301 93
116100 1
116101 99
1161300 1
1161301 91
116200 1
116201 96
1162300 1
1162301 90
116300 5
116301 93
1163300 1
1163301 75
116400 1
116401 69
1164300 3
1164301 68
116500 12
116501 57
1165300 13
1165301 46
116600 1
116601 53
1166300 14
1166301 42
116700 21
116701 48
1167300 27
1167301 32
116800 38
116801 20
1168300 66
1168301 14
116900 76
116901 19
1169300 79
1169301 1
1161000 90
1161001 1
11610300 98
11610301 3
1161100 91
1161101 1
11611300 89
11611301 1
1171200 1
1171201 94
11712300 1
11712301 99
117100 1
117101 95
1171300 1
1171301 97
117200 10
117201 83
1172300 8
1172301 94
117300 2
117301 78
1173300 1
1173301 83
117400 1
117401 68
1174300 7
1174301 62
117500 3
117501 53
1175300 10
1175301 47
117600 7
117601 51
1176300 9
1176301 39
117700 22
117701 42
1177300 33
1177301 23
117800 47
117801 23
1178300 66
1178301 5
117900 69
117901 13
1179300 80
1179301 4
1171000 86
1171001 3
11710300 92
11710301 11
1171100 95
1171101 3
11711300 99
11711301 3
