011200 7
011201 92
0112300 1
0112301 99
01100 7
01101 99
011300 10
011301 89
01200 1
01201 84
012300 7
012301 92
01300 3
01301 90
013300 1
013301 93
01400 1
01401 62
014300 1
014301 71
01500 9
01501 50
015300 8
015301 45
01600 15
01601 50
016300 12
016301 47
01700 31
01701 42
017300 25
017301 23
01800 42
01801 24
018300 67
018301 5
01900 66
01901 7
019300 81
019301 15
011000 95
011001 14
0110300 97
0110301 12
011100 90
011101 1
0111300 95
0111301 12
021200 10
021201 99
0212300 1
0212301 98
02100 1
02101 96
021300 5
021301 99
02200 1
02201 90
022300 1
022301 87
02300 1
02301 83
023300 1
023301 81
02400 1
02401 71
024300 6
024301 57
02500 9
02501 58
025300 1
025301 53
02600 15
02601 50
026300 7
026301 56
02700 24
02701 46
027300 20
027301 27
02800 31
02801 34
028300 67
028301 17
02900 73
02901 1
029300 80
029301 16
021000 81
021001 9
0210300 98
0210301 6
021100 99
021101 1
0211300 99
0211301 1
031200 1
031201 92
0312300 6
0312301 99
03100 1
03101 99
031300 1
031301 99
03200 1
03201 92
032300 1
032301 99
03300 4
03301 96
033300 1
033301 82
03400 3
03401 70
034300 6
034301 53
03500 12
03501 51
035300 1
035301 53
03600 2
03601 45
036300 2
036301 56
03700 18
03701 33
037300 18
037301 27
03800 39
03801 36
038300 61
038301 10
03900 64
03901 3
039300 78
039301 1
031000 89
031001 9
0310300 94
0310301 6
031100 99
031101 12
0311300 94
0311301 4
041200 1
041201 91
0412300 5
0412301 98
04100 3
04101 91
041300 9
041301 99
04200 2
04201 93
042300 5
042301 95
04300 6
04301 77
043300 1
043301 79
04400 1
04401 63
044300 10
044301 64
04500 6
04501 51
045300 12
045301 48
04600 14
04601 55
046300 14
046301 46
04700 34
04701 38
047300 29
047301 39
04800 36
04801 19
048300 74
048301 8
04900 68
04901 6
049300 68
049301 15
041000 98
041001 12
0410300 93
0410301 13
041100 99
041101 9
0411300 99
0411301 6
051200 1
051201 99
0512300 2
0512301 99
05100 1
05101 90
051300 7
051301 87
05200 1
05201 84
052300 1
052301 95
05300 5
05301 77
053300 1
053301 83
05400 10
05401 80
054300 10
054301 56
05500 6
05501 56
055300 11
055301 47
05600 4
05601 51
056300 10
056301 41
05700 25
05701 41
057300 21
057301 34
05800 47
05801 18
058300 67
058301 17
05900 71
05901 15
059300 84
059301 1
051000 89
051001 3
0510300 90
0510301 1
051100 94
051101 12
0511300 92
0511301 3
061200 8
061201 95
0612300 1
0612301 99
06100 1
06101 99
061300 3
061301 97
06200 1
06201 85
062300 10
062301 85
06300 1
06301 77
063300 2
063301 74
06400 4
06401 73
064300 6
064301 68
06500 15
06501 62
065300 9
065301 56
06600 12
06601 55
066300 13
066301 54
06700 17
06701 42
067300 29
067301 28
06800 46
06801 20
068300 61
068301 17
06900 80
06901 6
069300 82
069301 1
061000 99
061001 7
0610300 90
0610301 8
061100 92
061101 9
0611300 91
0611301 5
071200 1
071201 99
0712300 9
0712301 91
07100 6
07101 99
071300 1
071301 99
07200 1
07201 85
072300 1
072301 85
07300 2
07301 95
073300 10
073301 76
07400 1
07401 66
074300 1
074301 67
07500 12
07501 53
075300 14
075301 50
07600 2
07601 60
076300 3
076301 51
07700 16
07701 45
077300 31
077301 30
07800 42
07801 24
078300 64
078301 4
07900 68
07901 12
079300 70
079301 1
071000 98
071001 2
0710300 99
0710301 8
071100 99
071101 10
0711300 98
0711301 1
111200 1
111201 99
1112300 4
1112301 90
11100 1
11101 96
111300 7
111301 89
11200 4
11201 99
112300 5
112301 83
11300 6
11301 91
113300 1
113301 85
11400 4
11401 72
114300 1
114301 66
11500 16
11501 68
115300 15
115301 46
11600 4
11601 52
116300 16
116301 50
11700 30
11701 40
117300 33
117301 35
11800 38
11801 28
118300 68
118301 14
11900 63
11901 8
119300 85
119301 7
111000 88
111001 5
1110300 99
1110301 7
111100 91
111101 1
1111300 92
1111301 2
121200 2
121201 99
1212300 1
1212301 97
12100 1
12101 94
121300 2
121301 99
12200 7
12201 99
122300 5
122301 89
12300 1
12301 90
123300 2
123301 75
12400 1
12401 63
124300 5
124301 53
12500 9
12501 62
125300 15
125301 51
12600 15
12601 45
126300 12
126301 47
12700 29
12701 39
127300 19
127301 35
12800 32
12801 26
128300 77
128301 12
12900 77
12901 16
129300 72
129301 5
121000 94
121001 11
1210300 88
1210301 1
121100 95
121101 1
1211300 99
1211301 12
131200 2
131201 95
1312300 5
1312301 99
13100 2
13101 93
131300 1
131301 94
13200 1
13201 98
132300 5
132301 99
13300 1
13301 87
133300 1
133301 89
13400 1
13401 75
134300 6
134301 67
13500 1
13501 61
135300 5
135301 48
13600 18
13601 49
136300 6
136301 46
13700 22
13701 36
137300 34
137301 33
13800 41
13801 22
138300 68
138301 10
13900 79
13901 16
139300 77
139301 1
131000 99
131001 9
1310300 99
1310301 8
131100 95
131101 10
1311300 96
1311301 1
141200 1
141201 93
1412300 7
1412301 99
14100 9
14101 99
141300 5
141301 99
14200 1
14201 86
142300 2
142301 89
14300 4
14301 87
143300 7
143301 81
14400 5
14401 78
144300 1
144301 58
14500 4
14501 63
145300 3
145301 62
14600 1
14601 58
146300 18
146301 58
14700 31
14701 43
147300 20
147301 24
14800 32
14801 35
148300 64
148301 18
14900 75
14901 2
149300 71
149301 8
141000 99
141001 8
1410300 99
1410301 14
141100 99
141101 3
1411300 99
1411301 1
151200 5
151201 99
1512300 1
1512301 98
15100 1
15101 99
151300 1
151301 99
15200 5
15201 88
152300 4
152301 86
15300 6
15301 87
153300 1
153301 74
15400 10
15401 81
154300 1
154301 67
15500 14
15501 51
155300 18
155301 50
15600 1
15601 57
156300 8
156301 51
15700 24
15701 44
157300 31
157301 24
15800 36
15801 35
158300 62
158301 11
15900 77
15901 6
159300 79
159301 4
151000 87
151001 1
1510300 99
1510301 3
151100 99
151101 10
1511300 99
1511301 1
161200 10
161201 93
1612300 5
1612301 99
16100 8
16101 98
161300 1
161301 98
16200 6
16201 92
162300 1
162301 99
16300 1
16301 88
163300 6
163301 87
16400 10
16401 69
164300 1
164301 69
16500 8
16501 59
165300 4
165301 52
16600 3
16601 53
166300 6
166301 42
16700 25
16701 40
167300 33
167301 38
16800 31
16801 29
168300 60
168301 21
16900 77
16901 9
169300 84
169301 17
161000 99
161001 7
1610300 99
1610301 8
161100 96
161101 1
1611300 98
1611301 1
171200 9
171201 91
1712300 6
1712301 92
17100 1
17101 95
171300 1
171301 97
17200 7
17201 93
172300 1
172301 88
17300 8
17301 92
173300 1
173301 88
17400 1
17401 70
174300 5
174301 66
17500 4
17501 66
175300 8
175301 45
17600 12
17601 47
176300 17
176301 42
17700 24
17701 44
177300 22
177301 23
17800 39
17801 29
178300 68
178301 22
17900 70
17901 16
179300 84
179301 6
171000 83
171001 1
1710300 86
1710301 14
171100 93
171101 1
1711300 93
1711301 4
211200 9
211201 99
2112300 1
2112301 99
21100 1
21101 91
211300 5
211301 99
21200 2
21201 96
212300 1
212301 92
21300 1
21301 94
213300 5
213301 76
21400 1
21401 77
214300 4
214301 54
21500 17
21501 66
215300 17
215301 57
21600 13
21601 57
216300 12
216301 40
21700 23
21701 47
217300 35
217301 26
21800 36
21801 19
218300 77
218301 9
21900 74
21901 8
219300 80
219301 2
211000 93
211001 5
2110300 88
2110301 7
211100 99
211101 9
2111300 91
2111301 6
221200 4
221201 99
2212300 1
2212301 99
22100 7
22101 99
221300 1
221301 86
22200 1
22201 85
222300 1
222301 99
22300 1
22301 80
223300 1
223301 77
22400 1
22401 70
224300 1
224301 61
22500 6
22501 69
225300 1
225301 46
22600 18
22601 54
226300 19
226301 53
22700 32
22701 36
227300 35
227301 34
22800 41
22801 29
228300 64
228301 14
22900 64
22901 1
229300 68
229301 1
221000 92
221001 14
2210300 98
2210301 7
221100 98
221101 1
2211300 99
2211301 1
231200 8
231201 92
2312300 5
2312301 95
23100 4
23101 93
231300 5
231301 99
23200 6
23201 86
232300 9
232301 98
23300 1
23301 77
233300 1
233301 86
23400 1
23401 80
234300 1
234301 59
23500 2
23501 50
235300 2
235301 60
23600 13
23601 53
236300 3
236301 47
23700 16
23701 38
237300 18
237301 30
23800 39
23801 28
238300 73
238301 4
23900 80
23901 13
239300 80
239301 3
231000 96
231001 5
2310300 98
2310301 5
231100 99
231101 12
2311300 99
2311301 1
241200 1
241201 99
2412300 3
2412301 90
24100 1
24101 89
241300 10
241301 92
24200 1
24201 94
242300 1
242301 99
24300 1
24301 85
243300 1
243301 74
24400 9
24401 68
244300 10
244301 65
24500 2
24501 65
245300 7
245301 45
24600 5
24601 42
246300 20
246301 43
24700 26
24701 31
247300 17
247301 38
24800 35
24801 34
248300 73
248301 17
24900 82
24901 20
249300 79
249301 3
241000 98
241001 3
2410300 90
2410301 3
241100 99
241101 5
2411300 97
2411301 12
251200 1
251201 99
2512300 1
2512301 89
25100 1
25101 99
251300 1
251301 95
25200 9
25201 99
252300 1
252301 99
25300 3
25301 80
253300 1
253301 88
25400 7
25401 71
254300 9
254301 63
25500 13
25501 56
255300 1
255301 46
25600 4
25601 49
256300 8
256301 45
25700 28
25701 49
257300 19
257301 27
25800 42
25801 24
258300 73
258301 7
25900 81
25901 10
259300 80
259301 3
251000 99
251001 8
2510300 95
2510301 9
251100 99
251101 3
2511300 91
2511301 8
261200 3
261201 90
2612300 6
2612301 97
26100 1
26101 99
261300 1
261301 96
26200 1
26201 95
262300 1
262301 85
26300 6
26301 96
263300 3
263301 91
26400 1
26401 78
264300 1
264301 56
26500 15
26501 53
265300 11
265301 56
26600 16
26601 44
266300 6
266301 52
26700 19
26701 48
267300 30
267301 23
26800 38
26801 32
268300 75
268301 14
26900 75
26901 9
269300 81
269301 13
261000 83
261001 4
2610300 98
2610301 5
261100 97
261101 1
2611300 93
2611301 3
271200 1
271201 92
2712300 3
2712301 99
27100 1
27101 90
271300 1
271301 87
27200 1
27201 96
272300 4
272301 82
27300 1
27301 84
273300 1
273301 84
27400 1
27401 62
274300 2
274301 68
27500 1
27501 66
275300 16
275301 52
27600 7
27601 49
276300 9
276301 49
27700 35
27701 46
277300 25
277301 30
27800 48
27801 18
278300 61
278301 4
27900 70
27901 9
279300 72
279301 14
271000 99
271001 1
2710300 98
2710301 13
271100 99
271101 1
2711300 94
2711301 12
311200 3
311201 96
3112300 1
3112301 96
31100 9
31101 98
311300 1
311301 99
31200 1
31201 84
312300 1
312301 91
31300 1
31301 87
313300 3
313301 92
31400 1
31401 64
314300 1
314301 58
31500 15
31501 56
315300 2
315301 49
31600 15
31601 51
316300 18
316301 54
31700 25
31701 50
317300 22
317301 30
31800 37
31801 32
318300 62
318301 11
31900 75
31901 11
319300 78
319301 1
311000 94
311001 1
3110300 92
3110301 13
311100 92
311101 4
3111300 94
3111301 6
321200 5
321201 97
3212300 1
3212301 97
32100 7
32101 99
321300 1
321301 97
32200 1
32201 85
322300 1
322301 89
32300 1
32301 85
323300 1
323301 86
32400 1
32401 72
324300 1
324301 55
32500 1
32501 63
325300 12
325301 52
32600 1
32601 46
326300 11
326301 39
32700 34
32701 33
327300 27
327301 31
32800 48
32801 30
328300 70
328301 5
32900 73
32901 14
329300 77
329301 13
321000 83
321001 8
3210300 99
3210301 4
321100 99
321101 1
3211300 91
3211301 6
331200 1
331201 92
3312300 1
3312301 89
33100 6
33101 95
331300 1
331301 88
33200 1
33201 89
332300 1
332301 89
33300 1
33301 86
333300 8
333301 86
33400 1
33401 71
334300 1
334301 58
33500 5
33501 59
335300 2
335301 54
33600 14
33601 41
336300 20
336301 42
33700 21
33701 40
337300 24
337301 37
33800 34
33801 27
338300 58
338301 8
33900 65
33901 8
339300 84
339301 7
331000 87
331001 2
3310300 96
3310301 9
331100 99
331101 1
3311300 99
3311301 1
341200 1
341201 99
3412300 1
3412301 99
34100 10
34101 98
341300 6
341301 99
34200 1
34201 87
342300 1
342301 93
34300 6
34301 87
343300 1
343301 92
34400 1
34401 67
344300 1
344301 61
34500 10
34501 59
345300 5
345301 44
34600 3
34601 57
346300 12
346301 45
34700 32
34701 36
347300 23
347301 35
34800 40
34801 32
348300 74
348301 6
34900 66
34901 11
349300 70
349301 3
341000 83
341001 11
3410300 90
3410301 8
341100 89
341101 3
3411300 99
3411301 8
351200 1
351201 99
3512300 1
3512301 99
35100 1
35101 93
351300 1
351301 97
35200 1
35201 99
352300 9
352301 91
35300 1
35301 93
353300 10
353301 85
35400 8
35401 62
354300 1
354301 55
35500 1
35501 58
355300 15
355301 59
35600 4
35601 51
356300 19
356301 58
35700 19
35701 41
357300 33
357301 31
35800 47
35801 28
358300 58
358301 12
35900 63
35901 15
359300 80
359301 13
351000 86
351001 8
3510300 99
3510301 6
351100 99
351101 11
3511300 94
3511301 1
361200 10
361201 91
3612300 3
3612301 99
36100 1
36101 92
361300 1
361301 86
36200 1
36201 89
362300 9
362301 95
36300 1
36301 94
363300 1
363301 81
36400 2
36401 68
364300 2
364301 56
36500 17
36501 68
365300 10
365301 56
36600 17
36601 56
366300 6
366301 45
36700 31
36701 37
367300 28
367301 34
36800 35
36801 21
368300 58
368301 10
36900 63
36901 4
369300 79
369301 1
361000 86
361001 5
3610300 87
3610301 8
361100 99
361101 1
3611300 99
3611301 2
371200 1
371201 98
3712300 1
3712301 99
37100 1
37101 90
371300 4
371301 99
37200 1
37201 94
372300 7
372301 89
37300 1
37301 86
373300 5
373301 92
37400 9
37401 76
374300 1
374301 61
37500 16
37501 52
375300 8
375301 60
37600 8
37601 52
376300 14
376301 43
37700 33
37701 46
377300 31
377301 42
37800 40
37801 29
378300 74
378301 14
37900 81
37901 3
379300 82
379301 7
371000 91
371001 14
3710300 99
3710301 13
371100 99
371101 1
3711300 89
3711301 1
411200 3
411201 95
4112300 1
4112301 99
41100 8
41101 99
411300 1
411301 92
41200 8
41201 94
412300 1
412301 99
41300 1
41301 81
413300 5
413301 77
41400 1
41401 73
414300 1
414301 65
41500 4
41501 57
415300 11
415301 46
41600 10
41601 59
416300 15
416301 58
41700 35
41701 48
417300 25
417301 31
41800 43
41801 22
418300 65
418301 4
41900 64
41901 16
419300 79
419301 4
411000 88
411001 13
4110300 97
4110301 1
411100 99
411101 11
4111300 99
4111301 9
421200 7
421201 99
4212300 6
4212301 99
42100 1
42101 99
421300 1
421301 86
42200 7
42201 94
422300 1
422301 96
42300 1
42301 88
423300 7
423301 92
42400 1
42401 63
424300 9
424301 53
42500 7
42501 65
425300 1
425301 45
42600 4
42601 59
426300 12
426301 56
42700 32
42701 31
427300 17
427301 29
42800 32
42801 29
428300 66
428301 8
42900 75
42901 13
429300 78
429301 5
421000 99
421001 1
4210300 99
4210301 3
421100 94
421101 5
4211300 99
4211301 1
431200 1
431201 99
4312300 1
4312301 93
43100 4
43101 99
431300 4
431301 86
43200 10
43201 86
432300 2
432301 86
43300 2
43301 83
433300 6
433301 85
43400 6
43401 80
434300 11
434301 67
43500 2
43501 69
435300 2
435301 61
43600 3
43601 59
436300 13
436301 45
43700 28
43701 42
437300 30
437301 33
43800 46
43801 32
438300 62
438301 11
43900 78
43901 3
439300 77
439301 4
431000 95
431001 9
4310300 99
4310301 1
431100 93
431101 12
4311300 90
4311301 1
441200 5
441201 91
4412300 1
4412301 99
44100 1
44101 93
441300 1
441301 89
44200 10
44201 94
442300 1
442301 88
44300 7
44301 79
443300 1
443301 74
44400 1
44401 78
444300 2
444301 60
44500 16
44501 52
445300 6
445301 57
44600 8
44601 47
446300 10
446301 42
44700 26
44701 36
447300 23
447301 28
44800 44
44801 20
448300 64
448301 21
44900 78
44901 9
449300 72
449301 16
441000 89
441001 1
4410300 88
4410301 1
441100 99
441101 1
4411300 95
4411301 10
451200 1
451201 99
4512300 1
4512301 96
45100 5
45101 97
451300 5
451301 99
45200 1
45201 97
452300 3
452301 91
45300 2
45301 81
453300 5
453301 75
45400 1
45401 73
454300 1
454301 59
45500 8
45501 50
455300 17
455301 49
45600 5
45601 49
456300 7
456301 40
45700 27
45701 41
457300 34
457301 27
45800 32
45801 21
458300 67
458301 22
45900 80
45901 5
459300 82
459301 1
451000 98
451001 1
4510300 94
4510301 14
451100 97
451101 4
4511300 91
4511301 2
461200 6
461201 99
4612300 1
4612301 93
46100 3
46101 97
461300 8
461301 94
46200 1
46201 93
462300 3
462301 82
46300 1
46301 80
463300 1
463301 89
46400 1
46401 65
464300 1
464301 66
46500 3
46501 68
465300 4
465301 49
46600 7
46601 51
466300 9
466301 53
46700 27
46701 47
467300 30
467301 41
46800 39
46801 20
468300 58
468301 8
46900 73
46901 1
469300 70
469301 8
461000 85
461001 1
4610300 97
4610301 3
461100 99
461101 13
4611300 95
4611301 10
471200 1
471201 96
4712300 1
4712301 89
47100 9
47101 97
471300 1
471301 97
47200 4
47201 90
472300 1
472301 81
47300 1
47301 86
473300 7
473301 81
47400 1
47401 76
474300 1
474301 70
47500 5
47501 52
475300 12
475301 51
47600 11
47601 45
476300 3
476301 45
47700 21
47701 45
477300 24
477301 31
47800 40
47801 30
478300 61
478301 4
47900 75
47901 3
479300 67
479301 4
471000 83
471001 2
4710300 93
4710301 3
471100 99
471101 1
4711300 97
4711301 10
511200 1
511201 98
5112300 1
5112301 99
51100 1
51101 99
511300 2
511301 97
51200 2
51201 95
512300 4
512301 92
51300 9
51301 79
513300 3
513301 75
51400 1
51401 80
514300 1
514301 54
51500 9
51501 68
515300 5
515301 47
51600 10
51601 58
516300 10
516301 58
51700 16
51701 35
517300 35
517301 24
51800 44
51801 31
518300 59
518301 18
51900 82
51901 19
519300 80
519301 2
511000 99
511001 10
5110300 86
5110301 1
511100 90
511101 10
5111300 99
5111301 8
521200 1
521201 97
5212300 9
5212301 99
52100 1
52101 99
521300 7
521301 86
52200 10
52201 99
522300 2
522301 94
52300 9
52301 90
523300 3
523301 91
52400 1
52401 71
524300 8
524301 68
52500 13
52501 65
525300 6
525301 62
52600 1
52601 49
526300 13
526301 54
52700 26
52701 43
527300 36
527301 27
52800 30
52801 21
528300 72
528301 3
52900 74
52901 10
529300 72
529301 15
521000 93
521001 12
5210300 99
5210301 1
521100 90
521101 11
5211300 92
5211301 12
531200 3
531201 97
5312300 5
5312301 99
53100 8
53101 99
531300 4
531301 99
53200 1
53201 90
532300 1
532301 88
53300 6
53301 95
533300 8
533301 88
53400 8
53401 80
534300 4
534301 72
53500 5
53501 59
535300 5
535301 51
53600 15
53601 56
536300 4
536301 46
53700 26
53701 32
537300 24
537301 38
53800 41
53801 27
538300 66
538301 7
53900 72
53901 11
539300 74
539301 5
531000 88
531001 12
5310300 99
5310301 1
531100 94
531101 13
5311300 97
5311301 9
541200 1
541201 98
5412300 6
5412301 99
54100 5
54101 99
541300 1
541301 98
54200 1
54201 94
542300 7
542301 95
54300 1
54301 88
543300 1
543301 88
54400 1
54401 71
544300 9
544301 65
54500 1
54501 68
545300 10
545301 46
54600 3
54601 51
546300 6
546301 51
54700 34
54701 38
547300 27
547301 25
54800 46
54801 24
548300 59
548301 16
54900 64
54901 18
549300 81
549301 4
541000 95
541001 14
5410300 99
5410301 1
541100 99
541101 9
5411300 99
5411301 5
551200 1
551201 90
5512300 7
5512301 91
55100 3
55101 87
551300 1
551301 99
55200 1
55201 84
552300 2
552301 98
55300 7
55301 80
553300 3
553301 84
55400 1
55401 66
554300 5
554301 61
55500 15
55501 69
555300 5
555301 54
55600 3
55601 42
556300 18
556301 50
55700 24
55701 32
557300 18
557301 34
55800 34
55801 25
558300 67
558301 5
55900 66
55901 17
559300 70
559301 6
551000 94
551001 1
5510300 96
5510301 8
551100 99
551101 12
5511300 99
5511301 3
561200 1
561201 99
5612300 6
5612301 98
56100 5
56101 95
561300 1
561301 90
56200 1
56201 95
562300 1
562301 81
56300 1
56301 95
563300 5
563301 93
56400 2
56401 80
564300 1
564301 71
56500 7
56501 57
565300 18
565301 56
56600 1
56601 53
566300 21
566301 54
56700 35
56701 31
567300 22
567301 25
56800 36
56801 33
568300 75
568301 5
56900 78
56901 7
569300 82
569301 7
561000 87
561001 16
5610300 96
5610301 7
561100 99
561101 4
5611300 98
5611301 6
571200 6
571201 97
5712300 1
5712301 99
57100 9
57101 88
571300 1
571301 89
57200 1
57201 84
572300 9
572301 93
57300 1
57301 92
573300 1
573301 85
57400 1
57401 73
574300 4
574301 62
57500 8
57501 67
575300 15
575301 54
57600 18
57601 42
576300 12
576301 39
57700 34
57701 35
577300 26
577301 23
57800 38
57801 19
578300 58
578301 11
57900 81
57901 10
579300 74
579301 5
571000 96
571001 4
5710300 99
5710301 7
571100 97
571101 1
5711300 99
5711301 5
611200 1
611201 98
6112300 8
6112301 89
61100 1
61101 99
611300 1
611301 96
61200 6
61201 84
612300 1
612301 91
61300 1
61301 84
613300 8
613301 74
61400 1
61401 75
614300 1
614301 66
61500 1
61501 54
615300 18
615301 49
61600 7
61601 44
616300 11
616301 45
61700 34
61701 31
617300 18
617301 33
61800 48
61801 25
618300 77
618301 4
61900 74
61901 5
619300 85
619301 9
611000 99
611001 5
6110300 99
6110301 1
611100 99
611101 1
6111300 99
6111301 2
621200 1
621201 99
6212300 2
6212301 96
62100 1
62101 99
621300 1
621301 99
62200 1
62201 86
622300 1
622301 98
62300 10
62301 83
623300 1
623301 83
62400 1
62401 62
624300 1
624301 65
62500 12
62501 57
625300 8
625301 63
62600 16
62601 58
626300 20
626301 44
62700 24
62701 38
627300 26
627301 31
62800 34
62801 30
628300 73
628301 7
62900 71
62901 12
629300 82
629301 12
621000 89
621001 12
6210300 99
6210301 10
621100 90
621101 2
6211300 95
6211301 11
631200 1
631201 96
6312300 1
6312301 99
63100 4
63101 95
631300 1
631301 99
63200 7
63201 93
632300 1
632301 94
63300 2
63301 95
633300 1
633301 91
63400 10
63401 81
634300 11
634301 65
63500 2
63501 66
635300 9
635301 44
63600 9
63601 41
636300 8
636301 56
63700 34
63701 45
637300 19
637301 26
63800 40
63801 28
638300 72
638301 11
63900 77
63901 6
639300 80
639301 8
631000 95
631001 1
6310300 91
6310301 12
631100 99
631101 6
6311300 94
6311301 1
641200 8
641201 92
6412300 1
6412301 99
64100 1
64101 87
641300 1
641301 99
64200 1
64201 94
642300 1
642301 96
64300 9
64301 81
643300 1
643301 82
64400 1
64401 62
644300 7
644301 72
64500 1
64501 64
645300 5
645301 48
64600 12
64601 57
646300 7
646301 46
64700 17
64701 46
647300 24
647301 35
64800 29
64801 22
648300 60
648301 16
64900 73
64901 2
649300 82
649301 1
641000 84
641001 1
6410300 99
6410301 11
641100 92
641101 5
6411300 91
6411301 1
651200 10
651201 90
6512300 1
6512301 99
65100 1
65101 99
651300 8
651301 90
65200 2
65201 99
652300 1
652301 95
65300 1
65301 92
653300 1
653301 80
65400 1
65401 65
654300 10
654301 60
65500 1
65501 63
655300 17
655301 51
65600 8
65601 57
656300 20
656301 55
65700 29
65701 40
657300 28
657301 37
65800 41
65801 19
658300 69
658301 4
65900 76
65901 14
659300 79
659301 11
651000 83
651001 1
6510300 94
6510301 1
651100 94
651101 1
6511300 99
6511301 1
661200 1
661201 94
6612300 7
6612301 92
66100 1
66101 99
661300 5
661301 99
66200 1
66201 85
662300 1
662301 93
66300 1
66301 78
663300 1
663301 88
66400 10
66401 64
664300 9
664301 53
66500 7
66501 64
665300 12
665301 59
66600 1
66601 45
666300 9
666301 55
66700 18
66701 41
667300 19
667301 37
66800 30
66801 31
668300 64
668301 19
66900 65
66901 17
669300 84
669301 3
661000 85
661001 3
6610300 99
6610301 1
661100 95
661101 3
6611300 99
6611301 8
671200 1
671201 98
6712300 10
6712301 99
67100 1
67101 99
671300 3
671301 90
67200 10
67201 86
672300 5
672301 84
67300 2
67301 96
673300 9
673301 92
67400 5
67401 71
674300 5
674301 55
67500 6
67501 67
675300 9
675301 57
67600 11
67601 54
676300 3
676301 44
67700 20
67701 50
677300 21
677301 38
67800 43
67801 21
678300 71
678301 7
67900 69
67901 14
679300 67
679301 7
671000 93
671001 5
6710300 99
6710301 8
671100 99
671101 5
6711300 99
6711301 8
711200 1
711201 96
7112300 2
7112301 89
71100 1
71101 92
711300 5
711301 99
71200 10
71201 89
712300 3
712301 99
71300 10
71301 87
713300 1
713301 76
71400 1
71401 71
714300 1
714301 59
71500 4
71501 68
715300 10
715301 54
71600 14
71601 41
716300 11
716301 46
71700 34
71701 32
717300 32
717301 27
71800 46
71801 28
718300 58
718301 14
71900 68
71901 6
719300 78
719301 10
711000 99
711001 6
7110300 96
7110301 1
711100 90
711101 1
7111300 99
7111301 1
721200 7
721201 91
7212300 1
7212301 95
72100 1
72101 91
721300 10
721301 99
72200 1
72201 85
722300 4
722301 85
72300 1
72301 80
723300 3
723301 90
72400 1
72401 65
724300 1
724301 64
72500 2
72501 64
725300 15
725301 54
72600 1
72601 56
726300 18
726301 53
72700 26
72701 46
727300 27
727301 34
72800 38
72801 21
728300 65
728301 18
72900 67
72901 1
729300 79
729301 4
721000 84
721001 1
7210300 98
7210301 1
721100 99
721101 1
7211300 99
7211301 1
731200 1
731201 95
7312300 3
7312301 89
73100 8
73101 99
731300 1
731301 86
73200 7
73201 93
732300 3
732301 83
73300 1
73301 91
733300 1
733301 79
73400 1
73401 80
734300 3
734301 66
73500 3
73501 51
735300 15
735301 45
73600 2
73601 48
736300 10
736301 57
73700 33
73701 33
737300 30
737301 41
73800 45
73801 17
738300 73
738301 5
73900 78
73901 15
739300 70
739301 1
731000 86
731001 14
7310300 95
7310301 3
731100 99
731101 9
7311300 99
7311301 5
741200 1
741201 99
7412300 3
7412301 99
74100 1
74101 99
741300 1
741301 99
74200 1
74201 88
742300 9
742301 88
74300 1
74301 90
743300 1
743301 84
74400 4
74401 72
744300 11
744301 66
74500 8
74501 62
745300 8
745301 54
74600 3
74601 47
746300 15
746301 41
74700 18
74701 32
747300 28
747301 38
74800 29
74801 20
748300 63
748301 6
74900 65
74901 10
749300 67
749301 5
741000 88
741001 4
7410300 97
7410301 14
741100 99
741101 1
7411300 94
7411301 3
751200 1
751201 99
7512300 4
7512301 91
75100 1
75101 89
751300 9
751301 93
75200 9
75201 91
752300 1
752301 99
75300 1
75301 95
753300 1
753301 90
75400 1
75401 79
754300 1
754301 59
75500 16
75501 68
755300 16
755301 61
75600 6
75601 49
756300 7
756301 56
75700 18
75701 42
757300 35
757301 24
75800 33
75801 19
758300 66
758301 14
75900 80
75901 10
759300 78
759301 1
751000 84
751001 15
7510300 99
7510301 6
751100 95
751101 6
7511300 99
7511301 6
761200 7
761201 92
7612300 1
7612301 99
76100 1
76101 99
761300 1
761301 92
76200 1
76201 90
762300 1
762301 99
76300 1
76301 78
763300 1
763301 89
76400 8
76401 63
764300 3
764301 68
76500 9
76501 56
765300 10
765301 55
76600 6
76601 51
766300 13
766301 46
76700 23
76701 37
767300 23
767301 25
76800 48
76801 24
768300 74
768301 11
76900 81
76901 7
769300 71
769301 13
761000 83
761001 15
7610300 99
7610301 12
761100 98
761101 1
7611300 89
7611301 1
771200 8
771201 99
7712300 1
7712301 95
77100 10
77101 89
771300 1
771301 93
77200 5
77201 95
772300 1
772301 99
77300 1
77301 84
773300 7
773301 77
77400 2
77401 66
774300 1
774301 71
77500 7
77501 60
775300 9
775301 45
77600 12
77601 48
776300 7
776301 46
77700 24
77701 49
777300 24
777301 34
77800 33
77801 30
778300 69
778301 11
77900 72
77901 8
779300 83
779301 1
771000 97
771001 14
7710300 99
7710301 10
771100 99
771101 1
7711300 99
7711301 5
811200 6
811201 99
8112300 9
8112301 93
81100 1
81101 99
811300 1
811301 93
81200 7
81201 94
812300 1
812301 97
81300 1
81301 79
813300 7
813301 82
81400 1
81401 79
814300 10
814301 64
81500 4
81501 57
815300 13
815301 50
81600 3
81601 58
816300 18
816301 58
81700 19
81701 50
817300 28
817301 25
81800 40
81801 26
818300 67
818301 8
81900 82
81901 1
819300 72
819301 13
811000 97
811001 3
8110300 96
8110301 3
811100 99
811101 10
8111300 98
8111301 8
821200 8
821201 99
8212300 1
8212301 89
82100 9
82101 89
821300 9
821301 99
82200 1
82201 94
822300 1
822301 97
82300 1
82301 85
823300 6
823301 78
82400 1
82401 75
824300 5
824301 65
82500 1
82501 68
825300 11
825301 51
82600 2
82601 49
826300 7
826301 56
82700 30
82701 32
827300 23
827301 35
82800 44
82801 19
828300 75
828301 13
82900 66
82901 8
829300 66
829301 8
821000 89
821001 1
8210300 99
8210301 4
821100 99
821101 13
8211300 89
8211301 8
831200 1
831201 99
8312300 5
8312301 99
83100 10
83101 89
831300 1
831301 99
83200 9
83201 87
832300 5
832301 92
83300 1
83301 88
833300 8
833301 74
83400 1
83401 68
834300 10
834301 67
83500 1
83501 68
835300 12
835301 59
83600 1
83601 42
836300 10
836301 47
83700 18
83701 40
837300 34
837301 23
83800 44
83801 23
838300 73
838301 15
83900 76
83901 20
839300 79
839301 6
831000 95
831001 14
8310300 87
8310301 12
831100 99
831101 1
8311300 97
8311301 1
841200 10
841201 99
8412300 3
8412301 98
84100 1
84101 94
841300 1
841301 90
84200 2
84201 99
842300 1
842301 84
84300 1
84301 91
843300 7
843301 93
84400 10
84401 73
844300 1
844301 56
84500 12
84501 65
845300 12
845301 54
84600 7
84601 54
846300 21
846301 50
84700 35
84701 34
847300 35
847301 36
84800 33
84801 30
848300 67
848301 17
84900 73
84901 12
849300 70
849301 1
841000 84
841001 1
8410300 94
8410301 4
841100 97
841101 4
8411300 99
8411301 1
851200 6
851201 99
8512300 1
8512301 92
85100 1
85101 90
851300 1
851301 88
85200 1
85201 96
852300 8
852301 90
85300 6
85301 95
853300 1
853301 78
85400 1
85401 80
854300 1
854301 55
85500 4
85501 53
855300 5
855301 47
85600 12
85601 43
856300 12
856301 40
85700 26
85701 33
857300 21
857301 23
85800 33
85801 19
858300 72
858301 7
85900 78
85901 9
859300 68
859301 1
851000 98
851001 14
8510300 90
8510301 8
851100 94
851101 12
8511300 92
8511301 1
861200 1
861201 99
8612300 2
8612301 99
86100 1
86101 99
861300 8
861301 99
86200 1
86201 99
862300 4
862301 82
86300 1
86301 82
863300 1
863301 82
86400 9
86401 65
864300 1
864301 62
86500 3
86501 60
865300 6
865301 52
86600 2
86601 50
866300 12
866301 53
86700 21
86701 31
867300 25
867301 41
86800 45
86801 20
868300 66
868301 4
86900 80
86901 7
869300 79
869301 2
861000 98
861001 7
8610300 88
8610301 3
861100 97
861101 1
8611300 94
8611301 4
871200 1
871201 99
8712300 1
8712301 96
87100 1
87101 94
871300 1
871301 95
87200 3
87201 89
872300 9
872301 86
87300 1
87301 84
873300 1
873301 93
87400 1
87401 63
874300 5
874301 57
87500 11
87501 67
875300 3
875301 59
87600 6
87601 44
876300 11
876301 50
87700 26
87701 39
877300 34
877301 32
87800 29
87801 17
878300 72
878301 16
87900 64
87901 12
879300 78
879301 14
871000 92
871001 8
8710300 99
8710301 1
871100 99
871101 1
8711300 99
8711301 1
911200 1
911201 99
9112300 2
9112301 99
91100 10
91101 87
911300 1
911301 99
91200 3
91201 87
912300 9
912301 97
91300 1
91301 80
913300 9
913301 92
91400 1
91401 81
914300 11
914301 67
91500 13
91501 60
915300 3
915301 54
91600 7
91601 53
916300 2
916301 52
91700 24
91701 34
917300 27
917301 28
91800 48
91801 28
918300 58
918301 12
91900 77
91901 19
919300 75
919301 11
911000 99
911001 14
9110300 99
9110301 1
911100 99
911101 12
9111300 99
9111301 1
921200 1
921201 99
9212300 1
9212301 95
92100 5
92101 94
921300 1
921301 99
92200 9
92201 89
922300 9
922301 89
92300 8
92301 77
923300 1
923301 91
92400 2
92401 70
924300 1
924301 53
92500 3
92501 59
925300 14
925301 55
92600 5
92601 53
926300 12
926301 43
92700 28
92701 46
927300 34
927301 28
92800 33
92801 31
928300 68
928301 5
92900 73
92901 16
929300 78
929301 15
921000 83
921001 3
9210300 92
9210301 13
921100 96
921101 12
9211300 90
9211301 1
931200 7
931201 99
9312300 1
9312301 99
93100 1
93101 99
931300 7
931301 87
93200 1
93201 92
932300 1
932301 97
93300 1
93301 96
933300 1
933301 76
93400 4
93401 69
934300 1
934301 67
93500 1
93501 61
935300 1
935301 45
93600 2
93601 56
936300 16
936301 57
93700 27
93701 41
937300 28
937301 37
93800 39
93801 34
938300 70
938301 4
93900 73
93901 5
939300 73
939301 4
931000 95
931001 10
9310300 99
9310301 1
931100 99
931101 1
9311300 90
9311301 1
941200 2
941201 99
9412300 3
9412301 93
94100 1
94101 99
941300 1
941301 99
94200 1
94201 99
942300 1
942301 87
94300 1
94301 86
943300 3
943301 80
94400 1
94401 67
944300 6
944301 53
94500 13
94501 63
945300 6
945301 48
94600 9
94601 55
946300 4
946301 48
94700 16
94701 33
947300 32
947301 29
94800 39
94801 23
948300 62
948301 5
94900 68
94901 2
949300 70
949301 1
941000 90
941001 13
9410300 99
9410301 1
941100 99
941101 3
9411300 95
9411301 5
951200 3
951201 95
9512300 7
9512301 99
95100 9
95101 88
951300 1
951301 96
95200 5
95201 85
952300 1
952301 94
95300 4
95301 96
953300 1
953301 75
95400 1
95401 74
954300 4
954301 68
95500 15
95501 66
955300 3
955301 49
95600 14
95601 54
956300 11
956301 47
95700 35
95701 35
957300 35
957301 24
95800 44
95801 31
958300 69
958301 6
95900 73
95901 15
959300 77
959301 7
951000 88
951001 1
9510300 99
9510301 13
951100 94
951101 12
9511300 93
9511301 1
961200 1
961201 99
9612300 9
9612301 89
96100 1
96101 99
961300 9
961301 99
96200 2
96201 97
962300 3
962301 92
96300 1
96301 87
963300 3
963301 78
96400 1
96401 71
964300 1
964301 67
96500 2
96501 60
965300 15
965301 54
96600 10
96601 56
966300 19
966301 42
96700 24
96701 34
967300 17
967301 39
96800 45
96801 22
968300 69
968301 3
96900 69
96901 1
969300 84
969301 16
961000 90
961001 14
9610300 90
9610301 1
961100 99
961101 1
9611300 91
9611301 1
971200 10
971201 96
9712300 10
9712301 91
97100 1
97101 99
971300 1
971301 99
97200 10
97201 85
972300 3
972301 81
97300 8
97301 95
973300 1
973301 78
97400 1
97401 68
974300 1
974301 68
97500 15
97501 59
975300 7
975301 52
97600 3
97601 59
976300 5
976301 58
97700 24
97701 32
977300 24
977301 35
97800 38
97801 25
978300 63
978301 17
97900 76
97901 15
979300 79
979301 6
971000 97
971001 15
9710300 99
9710301 6
971100 91
971101 10
9711300 99
9711301 1
1011200 1
1011201 99
10112300 7
10112301 93
101100 1
101101 99
1011300 1
1011301 87
101200 3
101201 95
1012300 9
1012301 98
101300 1
101301 84
1013300 1
1013301 91
101400 1
101401 74
1014300 2
1014301 55
101500 1
101501 57
1015300 10
1015301 52
101600 1
101601 52
1016300 18
1016301 47
101700 31
101701 49
1017300 21
1017301 37
101800 38
101801 30
1018300 60
1018301 20
101900 77
101901 14
1019300 80
1019301 15
1011000 92
1011001 10
10110300 94
10110301 7
1011100 99
1011101 6
10111300 98
10111301 12
1021200 1
1021201 99
10212300 1
10212301 97
102100 1
102101 88
1021300 5
1021301 87
102200 1
102201 87
1022300 1
1022301 92
102300 1
102301 77
1023300 1
1023301 77
102400 1
102401 63
1024300 1
1024301 54
102500 11
102501 53
1025300 2
1025301 54
102600 5
102601 59
1026300 6
1026301 40
102700 17
102701 47
1027300 34
1027301 36
102800 45
102801 18
1028300 77
1028301 6
102900 76
102901 20
1029300 76
1029301 8
1021000 88
1021001 1
10210300 88
10210301 2
1021100 99
1021101 10
10211300 99
10211301 7
1031200 4
1031201 99
10312300 1
10312301 98
103100 1
103101 99
1031300 1
1031301 99
103200 9
103201 92
1032300 1
1032301 93
103300 6
103301 89
1033300 1
1033301 91
103400 7
103401 71
1034300 10
1034301 65
103500 10
103501 52
1035300 5
1035301 46
103600 1
103601 56
1036300 13
1036301 57
103700 34
103701 36
1037300 17
1037301 38
103800 38
103801 17
1038300 61
1038301 16
103900 73
103901 20
1039300 83
1039301 1
1031000 81
1031001 16
10310300 86
10310301 1
1031100 99
1031101 6
10311300 99
10311301 1
1041200 1
1041201 99
10412300 8
10412301 99
104100 1
104101 99
1041300 10
1041301 99
104200 1
104201 91
1042300 1
1042301 96
104300 1
104301 95
1043300 1
1043301 85
104400 1
104401 71
1044300 1
1044301 58
104500 13
104501 67
1045300 16
1045301 52
104600 16
104601 48
1046300 2
1046301 50
104700 26
104701 37
1047300 26
1047301 39
104800 46
104801 25
1048300 62
1048301 5
104900 76
104901 12
1049300 75
1049301 1
1041000 87
1041001 1
10410300 91
10410301 3
1041100 95
1041101 6
10411300 91
10411301 4
1051200 1
1051201 96
10512300 1
10512301 96
105100 8
105101 88
1051300 1
1051301 94
105200 8
105201 87
1052300 1
1052301 84
105300 6
105301 93
1053300 1
1053301 79
105400 1
105401 67
1054300 2
1054301 59
105500 1
105501 56
1055300 16
1055301 56
105600 18
105601 42
1056300 5
1056301 44
105700 31
105701 41
1057300 23
1057301 28
105800 39
105801 17
1058300 71
1058301 22
105900 80
105901 6
1059300 78
1059301 11
1051000 84
1051001 14
10510300 99
10510301 1
1051100 99
1051101 1
10511300 99
10511301 1
1061200 2
1061201 89
10612300 1
10612301 98
106100 1
106101 99
1061300 7
1061301 99
106200 9
106201 89
1062300 1
1062301 88
106300 9
106301 88
1063300 1
1063301 89
106400 1
106401 72
1064300 1
1064301 72
106500 9
106501 67
1065300 7
1065301 53
106600 1
106601 51
1066300 6
1066301 40
106700 16
106701 45
1067300 29
1067301 25
106800 33
106801 24
1068300 63
1068301 4
106900 76
106901 5
1069300 84
1069301 9
1061000 98
1061001 1
10610300 99
10610301 1
1061100 99
1061101 3
10611300 93
10611301 1
1071200 1
1071201 99
10712300 1
10712301 99
107100 10
107101 89
1071300 1
1071301 97
107200 1
107201 86
1072300 6
1072301 84
107300 1
107301 82
1073300 6
1073301 74
107400 1
107401 75
1074300 1
1074301 71
107500 16
107501 59
1075300 6
1075301 53
107600 8
107601 48
1076300 3
1076301 51
107700 16
107701 48
1077300 24
1077301 42
107800 42
107801 25
1078300 74
1078301 7
107900 80
107901 15
1079300 74
1079301 17
1071000 89
1071001 10
10710300 99
10710301 1
1071100 90
1071101 1
10711300 97
10711301 12
1111200 1
1111201 99
11112300 8
11112301 89
111100 1
111101 99
1111300 1
1111301 99
111200 1
111201 85
1112300 2
1112301 92
111300 1
111301 85
1113300 10
1113301 75
111400 1
111401 64
1114300 11
1114301 67
111500 15
111501 68
1115300 2
1115301 56
111600 4
111601 46
1116300 13
1116301 48
111700 33
111701 36
1117300 25
1117301 42
111800 39
111801 19
1118300 76
1118301 12
111900 76
111901 2
1119300 75
1119301 8
1111000 85
1111001 14
11110300 98
11110301 6
1111100 94
1111101 1
11111300 99
11111301 1
1121200 1
1121201 98
11212300 7
11212301 91
112100 1
112101 99
1121300 1
1121301 98
112200 6
112201 98
1122300 1
1122301 95
112300 1
112301 86
1123300 1
1123301 82
112400 1
112401 75
1124300 1
1124301 53
112500 6
112501 65
1125300 15
1125301 62
112600 12
112601 41
1126300 20
1126301 51
112700 35
112701 32
1127300 36
1127301 41
112800 33
112801 24
1128300 62
1128301 19
112900 74
112901 20
1129300 68
1129301 4
1121000 89
1121001 1
11210300 99
11210301 7
1121100 99
1121101 1
11211300 92
11211301 1
1131200 1
1131201 99
11312300 1
11312301 99
113100 1
113101 88
1131300 8
1131301 99
113200 9
113201 91
1132300 1
1132301 92
113300 9
113301 92
1133300 1
1133301 75
113400 9
113401 78
1134300 1
1134301 71
113500 6
113501 66
1135300 16
1135301 45
113600 8
113601 57
1136300 9
1136301 44
113700 33
113701 48
1137300 18
1137301 39
113800 29
113801 20
1138300 67
1138301 6
113900 80
113901 9
1139300 72
1139301 1
1131000 98
1131001 1
11310300 97
11310301 1
1131100 96
1131101 1
11311300 99
11311301 6
1141200 8
1141201 99
11412300 1
11412301 92
114100 1
114101 99
1141300 1
1141301 99
114200 3
114201 86
1142300 1
1142301 99
114300 1
114301 79
1143300 3
1143301 83
114400 1
114401 71
1144300 2
1144301 67
114500 15
114501 55
1145300 10
1145301 47
114600 1
114601 54
1146300 20
1146301 47
114700 25
114701 43
1147300 21
1147301 32
114800 41
114801 18
1148300 58
1148301 19
114900 70
114901 18
1149300 79
1149301 7
1141000 87
1141001 10
11410300 99
11410301 1
1141100 93
1141101 10
11411300 91
11411301 2
1151200 1
1151201 98
11512300 5
11512301 93
115100 9
115101 92
1151300 2
1151301 99
115200 1
115201 99
1152300 4
1152301 88
115300 1
115301 88
1153300 1
1153301 84
115400 9
115401 80
1154300 7
1154301 68
115500 6
115501 60
1155300 9
1155301 56
115600 5
115601 43
1156300 8
1156301 55
115700 35
115701 46
1157300 20
1157301 23
115800 39
115801 31
1158300 65
1158301 8
115900 75
115901 9
1159300 68
1159301 14
1151000 99
1151001 6
11510300 88
11510301 7
1151100 99
1151101 1
11511300 92
11511301 1
1161200 6
1161201 96
11612300 4
11612301 93
116100 1
116101 90
1161300 1
1161301 97
116200 5
116201 91
1162300 1
1162301 84
116300 8
116301 94
1163300 1
1163301 77
116400 3
116401 81
1164300 11
1164301 71
116500 3
116501 67
1165300 3
1165301 60
116600 1
116601 49
1166300 12
1166301 54
116700 17
116701 46
1167300 23
1167301 39
116800 35
116801 17
1168300 71
1168301 12
116900 72
116901 16
1169300 75
1169301 13
1161000 91
1161001 15
11610300 94
11610301 12
1161100 99
1161101 5
11611300 99
11611301 1
1171200 5
1171201 99
11712300 1
11712301 99
117100 8
117101 99
1171300 10
1171301 94
117200 10
117201 93
1172300 1
1172301 86
117300 1
117301 91
1173300 1
1173301 91
117400 1
117401 65
1174300 1
1174301 58
117500 13
117501 65
1175300 10
1175301 59
117600 9
117601 52
1176300 2
1176301 58
117700 23
117701 40
1177300 33
1177301 30
117800 47
117801 33
1178300 70
1178301 8
117900 74
117901 17
1179300 78
1179301 9
1171000 98
1171001 7
11710300 99
11710301 1
1171100 95
1171101 10
11711300 99
11711301 1
